1.767659446037342375e-02
7.881415225055903723e-03
7.597894630943072096e-03
6.772483869050069036e-03
6.923389991723027763e-03
6.498109100553779889e-03
6.278609285756748225e-03
5.238271621874985608e-03
4.936459376529068153e-03
4.540902418613584207e-03
4.433438967619203995e-03
4.408287947173711308e-03
4.417433772790253788e-03
4.467735813681240897e-03
4.341980711453774858e-03
4.133913178677422161e-03
4.156777742718779228e-03
3.934991471517612811e-03
3.390814847333305758e-03
3.425111693395342227e-03
3.605741749322065749e-03
3.230762899043804117e-03
3.324507611613369308e-03
3.180460858152817441e-03
3.191893140173496408e-03
3.116440078837016611e-03
3.077570319966709336e-03
2.876362156402763933e-03
3.066138037946030369e-03
2.972393325376465178e-03
2.812341377086963103e-03
2.919804828081342882e-03
2.446508352425244386e-03
2.755179966983569567e-03
2.652289428797461029e-03
2.691159187667768737e-03
2.688872731263633117e-03
2.736888315750483740e-03
2.480805198487280420e-03
2.384774029513579176e-03
2.606560300714746460e-03
2.302461598964692518e-03
2.540253064994809577e-03
2.617992582735424994e-03
2.556258259823759784e-03
2.439648983212837092e-03
2.659148798009868322e-03
2.403065680746665003e-03
2.435076070404565418e-03
2.451081265233515626e-03
2.537966608590673957e-03
2.350477183451543141e-03
2.350477183451543141e-03
2.435076070404565418e-03
2.352763639855678761e-03
2.194998147970312740e-03
2.238440819648891689e-03
2.398492767938393763e-03
2.167560671120683565e-03
2.238440819648891689e-03
2.153841932695869411e-03
2.158414845504140651e-03
2.076102414955253994e-03
2.213289799203398567e-03
2.165274214716547945e-03
2.053237850913896493e-03
1.977784789577417129e-03
2.046378481701489199e-03
2.076102414955253994e-03
2.002935810022910251e-03
2.089821153380068582e-03
2.046378481701489199e-03
1.790295364438286314e-03
1.868034882178901514e-03
1.989217071598095663e-03
1.929769205090566507e-03
1.897758815432666092e-03
1.948060856323652551e-03
2.007508722831181924e-03
1.877180707795444428e-03
1.922909835878159213e-03
1.982357702385688803e-03
1.868034882178901514e-03
1.634816328957055696e-03
2.005222266427045871e-03
1.852029687349951307e-03
1.701123564676992363e-03
1.680545457039770698e-03
1.680545457039770698e-03
1.705696477485263820e-03
1.682831913443906318e-03
1.648535067381870283e-03
1.634816328957055696e-03
1.550217442004033202e-03
1.600519482895019661e-03
1.573082006045390703e-03
1.650821523786005903e-03
1.490769575496504046e-03
1.563936180428847789e-03
1.573082006045390703e-03
1.573082006045390703e-03
1.598233026490883824e-03
1.586800744470205290e-03
1.586800744470205290e-03
1.579941375257797997e-03
1.586800744470205290e-03
1.499915401113046960e-03
1.477050837071689458e-03
1.543358072791626125e-03
1.577654918853662160e-03
1.545644529195761745e-03
1.477050837071689458e-03
1.413030057755888845e-03
1.509061226729589873e-03
1.415316514160024465e-03
1.383306124502124050e-03
1.429035252584839053e-03
1.417602970564160302e-03
1.374160298885581137e-03
1.220967719808486356e-03
1.403884232139345715e-03
1.397024862926938638e-03
1.234686458233300943e-03
1.680545457039770698e-03
1.330717627207001971e-03
1.397024862926938638e-03
1.335290540015273428e-03
1.204962524979536148e-03
1.310139519569780307e-03
1.344436365631816559e-03
1.282702042720151349e-03
1.307853063165644687e-03
1.333004083611137808e-03
1.232400001829165107e-03
1.234686458233300943e-03
1.314712432378051764e-03
1.374160298885581137e-03
1.280415586316015729e-03
1.328431170802866351e-03
1.316998888782187601e-03
1.257551022274658228e-03
1.287274955528423023e-03
1.211821894191943442e-03
1.191243786554721778e-03
1.291847868336694479e-03
1.214108350596079279e-03
1.241545827445708020e-03
1.239259371041572400e-03
1.314712432378051764e-03
1.257551022274658228e-03
1.234686458233300943e-03
1.232400001829165107e-03
1.284988499124287186e-03
1.188957330150585941e-03
1.140941745663735536e-03
1.147801114876142612e-03
1.136368832855463862e-03
1.250691653062251151e-03
1.287274955528423023e-03
1.129509463643056785e-03
1.200389612171264692e-03
1.184384417342314484e-03
1.015186643436269496e-03
1.188957330150585941e-03
1.138655289259599699e-03
1.195816699362993235e-03
1.191243786554721778e-03
1.166092766109228657e-03
1.264410391487065521e-03
1.124936550834785328e-03
1.170665678917500114e-03
1.095212617581020533e-03
1.120363638026513654e-03
1.124936550834785328e-03
1.163806309705092820e-03
1.138655289259599699e-03
1.124936550834785328e-03
1.113504268814106577e-03
1.086066791964477619e-03
1.099785530389291990e-03
1.095212617581020533e-03
1.083780335560341783e-03
1.072348053539663249e-03
1.120363638026513654e-03
1.022046012648676790e-03
1.152374027684414069e-03
1.122650094430649491e-03
1.090639704772749076e-03
1.072348053539663249e-03
1.058629315114848661e-03
9.900356229907763747e-04
1.088353248368613456e-03
1.056342858710713041e-03
1.038051207477626997e-03
1.035764751073491377e-03
9.831762537783692978e-04
1.044910576690034291e-03
1.092926161176884913e-03
8.962909104212109668e-04
9.671710589494189820e-04
1.017473099840405333e-03
1.092926161176884913e-03
1.095212617581020533e-03
9.122961052501611743e-04
7.956868286392383737e-04
9.946085357990478316e-04
1.063202227923120118e-03
1.010613730627998039e-03
1.031191838265219703e-03
9.443064949080615892e-04
9.831762537783692978e-04
9.511658641204687745e-04
9.854627101825049178e-04
1.033478294669355540e-03
9.328742128873828386e-04
9.488794077163330461e-04
8.962909104212109668e-04
1.022046012648676790e-03
1.010613730627998039e-03
9.717439717576905472e-04
9.260148436749756533e-04
1.042624120285898454e-03
9.260148436749756533e-04
9.991814486073195053e-04
1.017473099840405333e-03
8.825721719963965962e-04
9.488794077163330461e-04
1.001467905011455125e-03
1.006040817819726582e-03
8.894315412088037815e-04
9.168690180584326312e-04
9.465929513121973176e-04
8.391295003178174308e-04
9.397335820997901323e-04
9.854627101825049178e-04
8.574211515509033666e-04
9.283013000791113817e-04
9.214419308667041964e-04
9.077231924418897174e-04
9.031502796336182606e-04
9.283013000791113817e-04
9.923220793949122116e-04
9.122961052501611743e-04
1.006040817819726582e-03
8.574211515509033666e-04
9.328742128873828386e-04
8.917179976129395100e-04
8.802857155922607594e-04
6.607859007952295288e-04
8.528482387426319098e-04
9.786033409700976241e-04
8.482753259343604529e-04
8.139784798723243096e-04
8.116920234681885811e-04
8.779992591881250310e-04
8.345565875095459739e-04
9.237283872708399249e-04
8.048326542557812874e-04
8.185513926805957664e-04
9.305877564832471102e-04
8.437024131260888876e-04
8.779992591881250310e-04
8.597076079550390951e-04
9.077231924418897174e-04
8.414159567219531592e-04
8.505617823384961813e-04
7.545306133647949366e-04
8.185513926805957664e-04
8.711398899757178457e-04
9.260148436749756533e-04
8.894315412088037815e-04
7.659628953854736872e-04
8.162649362764600380e-04
8.345565875095459739e-04
8.048326542557812874e-04
7.796816338102881662e-04
7.979732850433741021e-04
8.185513926805957664e-04
7.888274594268310800e-04
7.842545466185596231e-04
7.888274594268310800e-04
8.322701311054102455e-04
6.950827468572656721e-04
7.613899825772022303e-04
8.368430439136817023e-04
7.911139158309668084e-04
8.094055670640527443e-04
7.956868286392383737e-04
7.796816338102881662e-04
7.316660493234375439e-04
7.796816338102881662e-04
7.842545466185596231e-04
8.208378490847314949e-04
7.568170697689306651e-04
8.094055670640527443e-04
7.522441569606592082e-04
7.796816338102881662e-04
7.248066801110303586e-04
7.865410030226953515e-04
7.773951774061524378e-04
7.065150288779444227e-04
7.659628953854736872e-04
8.071191106599170158e-04
7.751087210020166009e-04
6.767910956241797362e-04
7.796816338102881662e-04
7.065150288779444227e-04
7.065150288779444227e-04
7.339525057275732723e-04
7.270931365151660870e-04
7.156608544944873364e-04
7.522441569606592082e-04
7.248066801110303586e-04
7.728222645978808725e-04
7.476712441523877513e-04
8.940044540170752384e-04
7.270931365151660870e-04
7.476712441523877513e-04
7.225202237068946301e-04
7.225202237068946301e-04
7.065150288779444227e-04
6.767910956241797362e-04
6.996556596655371290e-04
7.316660493234375439e-04
6.333484239456006791e-04
7.385254185358447292e-04
6.196296855207862001e-04
7.156608544944873364e-04
6.905098340489942152e-04
7.659628953854736872e-04
7.522441569606592082e-04
7.042285724738086942e-04
7.042285724738086942e-04
7.293795929193018154e-04
7.819680902144238947e-04
7.476712441523877513e-04
6.767910956241797362e-04
6.859369212407226499e-04
6.996556596655371290e-04
6.767910956241797362e-04
6.470671623704150497e-04
7.202337673027587933e-04
6.310619675414648423e-04
6.219161419249219286e-04
7.545306133647949366e-04
7.362389621317090007e-04
7.019421160696728574e-04
6.379213367538721360e-04
6.630723571993652572e-04
7.225202237068946301e-04
7.133743980903516080e-04
7.156608544944873364e-04
6.859369212407226499e-04
7.225202237068946301e-04
6.630723571993652572e-04
6.150567727125147433e-04
6.676452700076367141e-04
6.562129879869580719e-04
5.716141010339355778e-04
6.470671623704150497e-04
6.859369212407226499e-04
6.379213367538721360e-04
6.081974035001074495e-04
6.402077931580078644e-04
6.607859007952295288e-04
6.402077931580078644e-04
6.699317264117725509e-04
6.607859007952295288e-04
6.653588136035009856e-04
6.996556596655371290e-04
6.676452700076367141e-04
7.042285724738086942e-04
6.333484239456006791e-04
6.402077931580078644e-04
6.516400751786866150e-04
6.973692032614014005e-04
6.356348803497364076e-04
6.745046392200440078e-04
6.882233776448584868e-04
5.418901677801708913e-04
7.179473108986230648e-04
6.539265315828223435e-04
6.081974035001074495e-04
6.196296855207862001e-04
6.516400751786866150e-04
6.264890547331933854e-04
6.539265315828223435e-04
6.516400751786866150e-04
6.287755111373291139e-04
6.767910956241797362e-04
5.761870138422070346e-04
6.173432291166504717e-04
5.670411882256641209e-04
6.836504648365869215e-04
6.539265315828223435e-04
6.219161419249219286e-04
6.219161419249219286e-04
6.402077931580078644e-04
6.607859007952295288e-04
6.584994443910938003e-04
6.242025983290576570e-04
5.899057522670215136e-04
5.624682754173926640e-04
6.607859007952295288e-04
6.310619675414648423e-04
5.761870138422070346e-04
6.379213367538721360e-04
5.807599266504785999e-04
5.830463830546143283e-04
5.487495369925781850e-04
6.242025983290576570e-04
6.104838599042431780e-04
5.853328394587500568e-04
5.693276446297998493e-04
5.921922086711572421e-04
6.104838599042431780e-04
6.424942495621435929e-04
5.670411882256641209e-04
6.242025983290576570e-04
6.424942495621435929e-04
6.196296855207862001e-04
6.196296855207862001e-04
5.761870138422070346e-04
5.990515778835645358e-04
6.287755111373291139e-04
5.944786650752929705e-04
6.196296855207862001e-04
5.396037113760351629e-04
6.264890547331933854e-04
5.601818190132568272e-04
6.059109470959717211e-04
5.693276446297998493e-04
5.670411882256641209e-04
6.013380342877002642e-04
6.150567727125147433e-04
5.899057522670215136e-04
5.921922086711572421e-04
4.915881268891846489e-04
5.556089062049853703e-04
5.693276446297998493e-04
5.761870138422070346e-04
5.967651214794286989e-04
5.098797781222705848e-04
5.693276446297998493e-04
5.693276446297998493e-04
5.510359933967139134e-04
5.304578857594922491e-04
5.556089062049853703e-04
5.876192958628857852e-04
5.807599266504785999e-04
6.104838599042431780e-04
5.784734702463427631e-04
5.876192958628857852e-04
5.624682754173926640e-04
4.870152140809131378e-04
5.510359933967139134e-04
5.830463830546143283e-04
5.716141010339355778e-04
5.624682754173926640e-04
5.556089062049853703e-04
5.144526909305420417e-04
5.167391473346777701e-04
5.693276446297998493e-04
5.464630805884424566e-04
5.693276446297998493e-04
4.984474961015918342e-04
6.013380342877002642e-04
4.824423012726416268e-04
5.304578857594922491e-04
5.235985165470849554e-04
5.556089062049853703e-04
5.510359933967139134e-04
5.396037113760351629e-04
5.601818190132568272e-04
5.761870138422070346e-04
5.418901677801708913e-04
4.938745832933203773e-04
4.984474961015918342e-04
4.824423012726416268e-04
5.578953626091210987e-04
5.144526909305420417e-04
5.510359933967139134e-04
4.847287576767773552e-04
4.527183680188769945e-04
4.710100192519629304e-04
4.984474961015918342e-04
5.121662345264063132e-04
5.418901677801708913e-04
6.059109470959717211e-04
5.327443421636279776e-04
5.121662345264063132e-04
4.938745832933203773e-04
4.915881268891846489e-04
5.167391473346777701e-04
5.441766241843067281e-04
5.327443421636279776e-04
5.190256037388134985e-04
4.938745832933203773e-04
5.418901677801708913e-04
5.213120601429492270e-04
4.847287576767773552e-04
5.235985165470849554e-04
4.572912808271484514e-04
3.864111322989404363e-04
5.281714293553565207e-04
4.870152140809131378e-04
5.418901677801708913e-04
5.075933217181347479e-04
3.795517630865332510e-04
4.801558448685058983e-04
5.053068653139990195e-04
5.167391473346777701e-04
4.595777372312842340e-04
5.144526909305420417e-04
4.595777372312842340e-04
5.235985165470849554e-04
4.961610396974561058e-04
5.144526909305420417e-04
4.367131731899267870e-04
3.886975887030762189e-04
4.984474961015918342e-04
4.550048244230127229e-04
4.504319116147412661e-04
5.190256037388134985e-04
4.138486091485693401e-04
4.915881268891846489e-04
4.732964756560986588e-04
4.801558448685058983e-04
4.938745832933203773e-04
4.778693884643701699e-04
4.778693884643701699e-04
4.778693884643701699e-04
4.847287576767773552e-04
4.938745832933203773e-04
5.053068653139990195e-04
4.961610396974561058e-04
4.915881268891846489e-04
4.389996295940625155e-04
4.984474961015918342e-04
4.458589988064697550e-04
5.007339525057275626e-04
5.327443421636279776e-04
5.007339525057275626e-04
4.732964756560986588e-04
4.778693884643701699e-04
4.550048244230127229e-04
4.801558448685058983e-04
6.081974035001074495e-04
4.801558448685058983e-04
4.961610396974561058e-04
4.138486091485693401e-04
4.550048244230127229e-04
4.344267167857910586e-04
4.458589988064697550e-04
4.389996295940625155e-04
4.481454552106054834e-04
4.367131731899267870e-04
4.961610396974561058e-04
4.389996295940625155e-04
4.321402603816552760e-04
4.412860859981982981e-04
4.618641936354199624e-04
4.275673475733838191e-04
4.138486091485693401e-04
4.275673475733838191e-04
4.641506500395556909e-04
4.138486091485693401e-04
4.412860859981982981e-04
4.732964756560986588e-04
4.389996295940625155e-04
3.406820042162255965e-04
3.704059374699902830e-04
4.435725424023340266e-04
4.755829320602343873e-04
4.367131731899267870e-04
4.504319116147412661e-04
3.864111322989404363e-04
4.641506500395556909e-04
4.435725424023340266e-04
4.001298707237549153e-04
4.184215219568408512e-04
4.550048244230127229e-04
4.069892399361621548e-04
4.321402603816552760e-04
3.795517630865332510e-04
4.184215219568408512e-04
3.909840451072119473e-04
4.412860859981982981e-04
4.047027835320263721e-04
5.281714293553565207e-04
4.069892399361621548e-04
4.367131731899267870e-04
4.595777372312842340e-04
4.275673475733838191e-04
4.367131731899267870e-04
3.544007426410400756e-04
4.047027835320263721e-04
4.527183680188769945e-04
3.498278298327685645e-04
4.047027835320263721e-04
3.498278298327685645e-04
5.030204089098632911e-04
4.595777372312842340e-04
3.749788502782617399e-04
4.344267167857910586e-04
5.830463830546143283e-04
4.344267167857910586e-04
3.521142862369043471e-04
4.641506500395556909e-04
4.229944347651123080e-04
4.412860859981982981e-04
4.115621527444336116e-04
4.481454552106054834e-04
4.252808911692480907e-04
4.298538039775195475e-04
4.298538039775195475e-04
3.978434143196191868e-04
4.001298707237549153e-04
3.841246758948047078e-04
3.475413734286328360e-04
3.681194810658545004e-04
3.521142862369043471e-04
4.138486091485693401e-04
4.024163271278906437e-04
4.275673475733838191e-04
2.835205941128320604e-04
4.001298707237549153e-04
3.841246758948047078e-04
3.978434143196191868e-04
3.818382194906689794e-04
3.978434143196191868e-04
3.818382194906689794e-04
3.886975887030762189e-04
4.367131731899267870e-04
3.338226350038183570e-04
4.138486091485693401e-04
3.795517630865332510e-04
3.452549170244971076e-04
3.681194810658545004e-04
3.681194810658545004e-04
3.978434143196191868e-04
4.550048244230127229e-04
2.743747684962890925e-04
4.024163271278906437e-04
3.841246758948047078e-04
3.978434143196191868e-04
4.207079783609765796e-04
2.629424864756103961e-04
3.681194810658545004e-04
3.429684606203613250e-04
4.001298707237549153e-04
3.635465682575830435e-04
4.138486091485693401e-04
3.726923938741260114e-04
3.658330246617187719e-04
3.589736554493115324e-04
3.932705015113476758e-04
3.726923938741260114e-04
3.818382194906689794e-04
3.772653066823974683e-04
3.909840451072119473e-04
4.504319116147412661e-04
3.772653066823974683e-04
3.749788502782617399e-04
3.749788502782617399e-04
3.841246758948047078e-04
3.818382194906689794e-04
4.069892399361621548e-04
3.955569579154834042e-04
3.521142862369043471e-04
3.635465682575830435e-04
3.544007426410400756e-04
3.246768093872753891e-04
3.544007426410400756e-04
3.726923938741260114e-04
3.338226350038183570e-04
2.880935069211035173e-04
3.635465682575830435e-04
3.841246758948047078e-04
4.024163271278906437e-04
3.612601118534473151e-04
3.635465682575830435e-04
3.864111322989404363e-04
4.275673475733838191e-04
3.726923938741260114e-04
3.246768093872753891e-04
3.361090914079541397e-04
3.772653066823974683e-04
3.018122453459179963e-04
3.383955478120898681e-04
3.452549170244971076e-04
3.726923938741260114e-04
4.847287576767773552e-04
3.361090914079541397e-04
3.841246758948047078e-04
3.704059374699902830e-04
3.521142862369043471e-04
3.544007426410400756e-04
3.955569579154834042e-04
3.498278298327685645e-04
3.498278298327685645e-04
3.658330246617187719e-04
3.749788502782617399e-04
3.361090914079541397e-04
3.223903529831396607e-04
3.566871990451758040e-04
3.704059374699902830e-04
3.841246758948047078e-04
3.909840451072119473e-04
3.544007426410400756e-04
3.726923938741260114e-04
3.658330246617187719e-04
3.909840451072119473e-04
3.269632657914111717e-04
3.818382194906689794e-04
3.498278298327685645e-04
3.406820042162255965e-04
3.246768093872753891e-04
3.452549170244971076e-04
3.452549170244971076e-04
1.874894251391308699e-04
3.223903529831396607e-04
3.589736554493115324e-04
3.498278298327685645e-04
3.818382194906689794e-04
3.338226350038183570e-04
3.361090914079541397e-04
3.475413734286328360e-04
3.223903529831396607e-04
3.498278298327685645e-04
3.429684606203613250e-04
3.726923938741260114e-04
3.246768093872753891e-04
3.658330246617187719e-04
3.658330246617187719e-04
3.383955478120898681e-04
3.315361785996826286e-04
3.132445273665966927e-04
2.835205941128320604e-04
3.292497221955469002e-04
3.269632657914111717e-04
3.178174401748682038e-04
3.246768093872753891e-04
3.566871990451758040e-04
3.521142862369043471e-04
3.498278298327685645e-04
3.429684606203613250e-04
4.138486091485693401e-04
3.704059374699902830e-04
3.544007426410400756e-04
3.018122453459179963e-04
3.315361785996826286e-04
3.589736554493115324e-04
3.772653066823974683e-04
3.544007426410400756e-04
2.400779224342529492e-04
3.338226350038183570e-04
3.315361785996826286e-04
3.178174401748682038e-04
3.406820042162255965e-04
3.429684606203613250e-04
3.155309837707324211e-04
3.498278298327685645e-04
3.452549170244971076e-04
3.223903529831396607e-04
3.383955478120898681e-04
3.841246758948047078e-04
3.315361785996826286e-04
2.469372916466601887e-04
3.155309837707324211e-04
3.772653066823974683e-04
4.161350655527051227e-04
3.315361785996826286e-04
3.635465682575830435e-04
3.406820042162255965e-04
3.338226350038183570e-04
3.155309837707324211e-04
3.269632657914111717e-04
3.429684606203613250e-04
2.400779224342529492e-04
3.223903529831396607e-04
2.903799633252393000e-04
3.223903529831396607e-04
3.132445273665966927e-04
3.178174401748682038e-04
3.521142862369043471e-04
3.201038965790039322e-04
4.184215219568408512e-04
3.429684606203613250e-04
2.743747684962890925e-04
3.315361785996826286e-04
2.972393325376464853e-04
3.269632657914111717e-04
3.132445273665966927e-04
3.475413734286328360e-04
3.269632657914111717e-04
2.675153992838818530e-04
3.063851581541894532e-04
3.018122453459179963e-04
3.201038965790039322e-04
3.429684606203613250e-04
3.178174401748682038e-04
3.361090914079541397e-04
3.018122453459179963e-04
3.178174401748682038e-04
2.995257889417822679e-04
2.789476813045605494e-04
3.383955478120898681e-04
3.361090914079541397e-04
3.178174401748682038e-04
3.155309837707324211e-04
2.377914660301171936e-04
3.315361785996826286e-04
3.086716145583252358e-04
3.269632657914111717e-04
3.132445273665966927e-04
3.086716145583252358e-04
2.812341377086963320e-04
3.109580709624609643e-04
3.521142862369043471e-04
2.766612249004248209e-04
2.858070505169677889e-04
3.292497221955469002e-04
3.475413734286328360e-04
2.903799633252393000e-04
2.126404455846240453e-04
3.246768093872753891e-04
2.812341377086963320e-04
2.766612249004248209e-04
2.972393325376464853e-04
2.675153992838818530e-04
2.880935069211035173e-04
3.132445273665966927e-04
3.338226350038183570e-04
2.926664197293750284e-04
2.537966608590673740e-04
2.629424864756103961e-04
2.972393325376464853e-04
2.766612249004248209e-04
3.109580709624609643e-04
3.406820042162255965e-04
3.018122453459179963e-04
3.109580709624609643e-04
3.246768093872753891e-04
2.103539891804882898e-04
1.829165123308593860e-04
2.377914660301171936e-04
2.926664197293750284e-04
2.789476813045605494e-04
2.903799633252393000e-04
3.361090914079541397e-04
3.223903529831396607e-04
3.132445273665966927e-04
2.926664197293750284e-04
3.269632657914111717e-04
2.743747684962890925e-04
2.880935069211035173e-04
3.109580709624609643e-04
3.040987017500537248e-04
2.789476813045605494e-04
2.560831172632031566e-04
2.766612249004248209e-04
2.766612249004248209e-04
2.972393325376464853e-04
3.018122453459179963e-04
2.789476813045605494e-04
2.515102044549316455e-04
2.995257889417822679e-04
2.995257889417822679e-04
2.286456404135742257e-04
3.063851581541894532e-04
2.515102044549316455e-04
2.286456404135742409e-06
2.972393325376464853e-04
2.080675327763525614e-04
3.063851581541894532e-04
2.583695736673388851e-04
4.069892399361621548e-04
2.698018556880175814e-04
2.995257889417822679e-04
3.292497221955469002e-04
2.926664197293750284e-04
2.240727276053027417e-04
2.812341377086963320e-04
1.920623379474023539e-04
2.629424864756103961e-04
2.720883120921533641e-04
3.338226350038183570e-04
2.789476813045605494e-04
2.560831172632031566e-04
2.698018556880175814e-04
2.972393325376464853e-04
3.361090914079541397e-04
3.018122453459179963e-04
3.383955478120898681e-04
4.001298707237549153e-04
3.109580709624609643e-04
2.926664197293750284e-04
2.880935069211035173e-04
2.400779224342529492e-04
2.743747684962890925e-04
2.720883120921533641e-04
2.743747684962890925e-04
2.606560300714746135e-04
2.926664197293750284e-04
2.675153992838818530e-04
2.537966608590673740e-04
2.949528761335107568e-04
2.743747684962890925e-04
2.537966608590673740e-04
1.920623379474023539e-04
3.086716145583252358e-04
2.606560300714746135e-04
2.629424864756103961e-04
2.903799633252393000e-04
2.743747684962890925e-04
2.812341377086963320e-04
2.972393325376464853e-04
2.675153992838818530e-04
3.178174401748682038e-04
2.377914660301171936e-04
2.446508352425244060e-04
2.835205941128320604e-04
2.217862712011670133e-04
2.652289428797461246e-04
2.835205941128320604e-04
2.400779224342529492e-04
2.469372916466601887e-04
2.537966608590673740e-04
2.583695736673388851e-04
2.537966608590673740e-04
2.903799633252393000e-04
2.492237480507959171e-04
1.623384046936376945e-04
2.880935069211035173e-04
2.903799633252393000e-04
2.583695736673388851e-04
2.286456404135742257e-04
2.629424864756103961e-04
3.452549170244971076e-04
2.720883120921533641e-04
2.995257889417822679e-04
2.652289428797461246e-04
2.629424864756103961e-04
2.652289428797461246e-04
2.698018556880175814e-04
2.560831172632031566e-04
2.560831172632031566e-04
2.172133583928955293e-04
2.606560300714746135e-04
2.515102044549316455e-04
2.995257889417822679e-04
2.629424864756103961e-04
2.766612249004248209e-04
2.423643788383886776e-04
2.583695736673388851e-04
2.835205941128320604e-04
2.377914660301171936e-04
2.492237480507959171e-04
2.515102044549316455e-04
2.583695736673388851e-04
2.400779224342529492e-04
2.743747684962890925e-04
2.629424864756103961e-04
2.583695736673388851e-04
2.698018556880175814e-04
2.812341377086963320e-04
2.377914660301171936e-04
1.829165123308593860e-04
2.332185532218457097e-04
2.377914660301171936e-04
2.332185532218457097e-04
2.560831172632031566e-04
2.583695736673388851e-04
2.652289428797461246e-04
2.446508352425244060e-04
2.560831172632031566e-04
3.018122453459179963e-04
2.172133583928955293e-04
2.126404455846240453e-04
2.492237480507959171e-04
2.103539891804882898e-04
2.355050096259814652e-04
2.720883120921533641e-04
2.766612249004248209e-04
2.332185532218457097e-04
2.377914660301171936e-04
2.743747684962890925e-04
2.332185532218457097e-04
2.423643788383886776e-04
2.355050096259814652e-04
2.629424864756103961e-04
2.400779224342529492e-04
2.400779224342529492e-04
2.309320968177099812e-04
2.583695736673388851e-04
2.469372916466601887e-04
2.858070505169677889e-04
2.880935069211035173e-04
3.338226350038183570e-04
1.989217071598095934e-04
1.852029687349951415e-04
2.812341377086963320e-04
2.217862712011670133e-04
2.492237480507959171e-04
2.423643788383886776e-04
2.446508352425244060e-04
2.629424864756103961e-04
2.286456404135742257e-04
2.332185532218457097e-04
2.080675327763525614e-04
2.286456404135742257e-04
2.400779224342529492e-04
2.400779224342529492e-04
2.309320968177099812e-04
2.423643788383886776e-04
2.057810763722168058e-04
2.537966608590673740e-04
2.172133583928955293e-04
2.537966608590673740e-04
2.080675327763525614e-04
2.492237480507959171e-04
2.286456404135742257e-04
2.515102044549316455e-04
2.789476813045605494e-04
2.629424864756103961e-04
2.057810763722168058e-04
1.554790354812304821e-04
1.646248610977734501e-04
1.874894251391308699e-04
2.332185532218457097e-04
2.286456404135742257e-04
2.355050096259814652e-04
2.240727276053027417e-04
2.377914660301171936e-04
1.920623379474023539e-04
2.263591840094384972e-04
2.309320968177099812e-04
2.377914660301171936e-04
1.897758815432666255e-04
2.286456404135742257e-04
2.720883120921533641e-04
2.217862712011670133e-04
2.149269019887597738e-04
1.806300559267236575e-04
2.560831172632031566e-04
2.263591840094384972e-04
2.515102044549316455e-04
2.263591840094384972e-04
2.309320968177099812e-04
2.652289428797461246e-04
1.989217071598095934e-04
2.492237480507959171e-04
2.172133583928955293e-04
2.217862712011670133e-04
2.172133583928955293e-04
2.149269019887597738e-04
2.446508352425244060e-04
2.217862712011670133e-04
1.691977739060449341e-04
2.377914660301171936e-04
2.286456404135742257e-04
2.469372916466601887e-04
2.240727276053027417e-04
2.286456404135742257e-04
2.309320968177099812e-04
2.126404455846240453e-04
1.852029687349951415e-04
2.080675327763525614e-04
2.423643788383886776e-04
1.989217071598095934e-04
2.240727276053027417e-04
2.355050096259814652e-04
2.172133583928955293e-04
2.332185532218457097e-04
2.103539891804882898e-04
2.560831172632031566e-04
1.989217071598095934e-04
2.149269019887597738e-04
2.355050096259814652e-04
2.172133583928955293e-04
2.400779224342529492e-04
2.377914660301171936e-04
2.080675327763525614e-04
2.286456404135742257e-04
2.172133583928955293e-04
2.149269019887597738e-04
1.989217071598095934e-04
1.852029687349951415e-04
2.194998147970312577e-04
2.080675327763525614e-04
2.103539891804882898e-04
2.332185532218457097e-04
2.240727276053027417e-04
2.080675327763525614e-04
2.263591840094384972e-04
2.606560300714746135e-04
9.145825616542969298e-05
1.783435995225879020e-04
2.194998147970312577e-04
2.217862712011670133e-04
2.194998147970312577e-04
2.194998147970312577e-04
2.126404455846240453e-04
1.577654918853662106e-04
2.400779224342529492e-04
1.897758815432666255e-04
2.263591840094384972e-04
2.332185532218457097e-04
2.034946199680810774e-04
2.080675327763525614e-04
2.012081635639453219e-04
1.669113175019091785e-04
2.240727276053027417e-04
1.852029687349951415e-04
2.217862712011670133e-04
1.920623379474023539e-04
1.486196662688232426e-04
1.691977739060449341e-04
2.057810763722168058e-04
2.263591840094384972e-04
2.194998147970312577e-04
2.194998147970312577e-04
1.943487943515381094e-04
2.080675327763525614e-04
1.943487943515381094e-04
2.194998147970312577e-04
1.920623379474023539e-04
2.034946199680810774e-04
1.852029687349951415e-04
2.217862712011670133e-04
2.355050096259814652e-04
1.920623379474023539e-04
2.012081635639453219e-04
2.057810763722168058e-04
2.034946199680810774e-04
2.080675327763525614e-04
1.783435995225879020e-04
2.080675327763525614e-04
2.194998147970312577e-04
1.829165123308593860e-04
2.286456404135742257e-04
2.309320968177099812e-04
1.897758815432666255e-04
1.874894251391308699e-04
2.515102044549316455e-04
2.012081635639453219e-04
2.103539891804882898e-04
2.057810763722168058e-04
1.943487943515381094e-04
1.760571431184521736e-04
1.852029687349951415e-04
2.057810763722168058e-04
1.897758815432666255e-04
1.966352507556738379e-04
1.669113175019091785e-04
2.423643788383886776e-04
2.103539891804882898e-04
2.126404455846240453e-04
1.600519482895019661e-04
1.897758815432666255e-04
1.966352507556738379e-04
2.217862712011670133e-04
1.783435995225879020e-04
2.034946199680810774e-04
1.943487943515381094e-04
1.989217071598095934e-04
2.194998147970312577e-04
1.966352507556738379e-04
1.897758815432666255e-04
2.149269019887597738e-04
1.760571431184521736e-04
2.080675327763525614e-04
1.714842303101806625e-04
2.263591840094384972e-04
2.012081635639453219e-04
1.577654918853662106e-04
1.760571431184521736e-04
1.691977739060449341e-04
2.515102044549316455e-04
1.897758815432666255e-04
2.446508352425244060e-04
1.874894251391308699e-04
2.149269019887597738e-04
2.149269019887597738e-04
2.080675327763525614e-04
2.080675327763525614e-04
2.034946199680810774e-04
2.332185532218457097e-04
2.149269019887597738e-04
1.852029687349951415e-04
1.554790354812304821e-04
1.143228202067871162e-05
2.034946199680810774e-04
1.349009278440087907e-04
1.646248610977734501e-04
1.920623379474023539e-04
1.897758815432666255e-04
1.806300559267236575e-04
2.012081635639453219e-04
2.103539891804882898e-04
1.852029687349951415e-04
1.623384046936376945e-04
1.783435995225879020e-04
1.829165123308593860e-04
1.737706867143164180e-04
1.737706867143164180e-04
1.829165123308593860e-04
1.714842303101806625e-04
1.943487943515381094e-04
1.874894251391308699e-04
1.783435995225879020e-04
2.103539891804882898e-04
1.760571431184521736e-04
1.691977739060449341e-04
1.829165123308593860e-04
1.852029687349951415e-04
2.103539891804882898e-04
2.034946199680810774e-04
1.989217071598095934e-04
2.400779224342529492e-04
1.829165123308593860e-04
2.012081635639453219e-04
1.829165123308593860e-04
1.897758815432666255e-04
2.309320968177099812e-04
1.646248610977734501e-04
1.966352507556738379e-04
1.623384046936376945e-04
1.966352507556738379e-04
1.806300559267236575e-04
2.217862712011670133e-04
1.623384046936376945e-04
2.103539891804882898e-04
1.920623379474023539e-04
1.737706867143164180e-04
1.783435995225879020e-04
2.355050096259814652e-04
2.057810763722168058e-04
1.691977739060449341e-04
2.034946199680810774e-04
1.943487943515381094e-04
1.920623379474023539e-04
1.920623379474023539e-04
1.783435995225879020e-04
1.920623379474023539e-04
1.989217071598095934e-04
1.943487943515381094e-04
1.737706867143164180e-04
1.600519482895019661e-04
1.691977739060449341e-04
1.669113175019091785e-04
1.509061226729589982e-04
1.303280150357373067e-04
1.852029687349951415e-04
1.646248610977734501e-04
1.874894251391308699e-04
8.459888695302246703e-05
2.172133583928955293e-04
1.829165123308593860e-04
1.600519482895019661e-04
1.691977739060449341e-04
1.646248610977734501e-04
2.057810763722168058e-04
1.874894251391308699e-04
1.691977739060449341e-04
1.943487943515381094e-04
1.669113175019091785e-04
1.806300559267236575e-04
1.714842303101806625e-04
1.920623379474023539e-04
1.074634509943798869e-04
2.560831172632031566e-04
1.783435995225879020e-04
1.417602970564160302e-04
2.080675327763525614e-04
1.966352507556738379e-04
1.714842303101806625e-04
1.669113175019091785e-04
1.600519482895019661e-04
1.806300559267236575e-04
1.829165123308593860e-04
1.760571431184521736e-04
1.577654918853662106e-04
1.600519482895019661e-04
1.920623379474023539e-04
1.737706867143164180e-04
1.737706867143164180e-04
1.874894251391308699e-04
1.874894251391308699e-04
1.943487943515381094e-04
1.646248610977734501e-04
1.577654918853662106e-04
1.691977739060449341e-04
1.646248610977734501e-04
2.080675327763525614e-04
1.760571431184521736e-04
1.509061226729589982e-04
1.943487943515381094e-04
1.280415586316015783e-04
1.646248610977734501e-04
1.531925790770947266e-04
1.669113175019091785e-04
1.783435995225879020e-04
1.852029687349951415e-04
1.714842303101806625e-04
2.126404455846240453e-04
1.806300559267236575e-04
1.646248610977734501e-04
1.943487943515381094e-04
1.394738406522802747e-04
1.394738406522802747e-04
1.874894251391308699e-04
1.531925790770947266e-04
1.486196662688232426e-04
2.034946199680810774e-04
1.737706867143164180e-04
1.714842303101806625e-04
1.349009278440087907e-04
1.669113175019091785e-04
1.623384046936376945e-04
1.646248610977734501e-04
1.829165123308593860e-04
1.669113175019091785e-04
1.623384046936376945e-04
1.554790354812304821e-04
1.829165123308593860e-04
1.874894251391308699e-04
1.646248610977734501e-04
1.966352507556738379e-04
1.691977739060449341e-04
1.852029687349951415e-04
1.783435995225879020e-04
1.783435995225879020e-04
1.486196662688232426e-04
1.669113175019091785e-04
1.669113175019091785e-04
2.423643788383886776e-04
1.371873842481445463e-04
1.577654918853662106e-04
1.874894251391308699e-04
1.600519482895019661e-04
1.463332098646875142e-04
1.760571431184521736e-04
1.691977739060449341e-04
1.691977739060449341e-04
1.509061226729589982e-04
1.852029687349951415e-04
2.012081635639453219e-04
1.943487943515381094e-04
1.417602970564160302e-04
1.371873842481445463e-04
1.760571431184521736e-04
1.691977739060449341e-04
1.669113175019091785e-04
1.874894251391308699e-04
1.669113175019091785e-04
1.646248610977734501e-04
1.646248610977734501e-04
1.691977739060449341e-04
1.577654918853662106e-04
1.737706867143164180e-04
1.554790354812304821e-04
1.531925790770947266e-04
1.303280150357373067e-04
1.737706867143164180e-04
1.669113175019091785e-04
1.463332098646875142e-04
1.691977739060449341e-04
1.577654918853662106e-04
1.531925790770947266e-04
9.603116897370117696e-05
1.852029687349951415e-04
1.486196662688232426e-04
1.714842303101806625e-04
1.531925790770947266e-04
1.371873842481445463e-04
1.166092766109228548e-04
1.737706867143164180e-04
1.554790354812304821e-04
1.554790354812304821e-04
1.577654918853662106e-04
1.783435995225879020e-04
1.509061226729589982e-04
1.783435995225879020e-04
1.554790354812304821e-04
1.257551022274658228e-04
1.303280150357373067e-04
1.440467534605517587e-04
1.691977739060449341e-04
1.669113175019091785e-04
1.440467534605517587e-04
1.714842303101806625e-04
1.646248610977734501e-04
1.486196662688232426e-04
1.783435995225879020e-04
1.463332098646875142e-04
2.217862712011670133e-04
1.349009278440087907e-04
1.737706867143164180e-04
1.303280150357373067e-04
1.463332098646875142e-04
1.623384046936376945e-04
1.714842303101806625e-04
1.714842303101806625e-04
1.394738406522802747e-04
1.737706867143164180e-04
1.188957330150585968e-04
1.188957330150585968e-04
1.371873842481445463e-04
1.371873842481445463e-04
1.600519482895019661e-04
1.806300559267236575e-04
1.463332098646875142e-04
1.874894251391308699e-04
1.394738406522802747e-04
1.806300559267236575e-04
1.486196662688232426e-04
1.623384046936376945e-04
1.600519482895019661e-04
1.097499073985156289e-04
1.577654918853662106e-04
1.371873842481445463e-04
1.463332098646875142e-04
1.509061226729589982e-04
1.600519482895019661e-04
1.531925790770947266e-04
1.577654918853662106e-04
1.509061226729589982e-04
1.623384046936376945e-04
1.669113175019091785e-04
1.691977739060449341e-04
1.577654918853662106e-04
1.417602970564160302e-04
1.531925790770947266e-04
1.166092766109228548e-04
1.120363638026513709e-04
9.603116897370117696e-05
1.371873842481445463e-04
1.417602970564160302e-04
1.257551022274658228e-04
1.531925790770947266e-04
1.554790354812304821e-04
1.554790354812304821e-04
1.326144714398730623e-04
1.486196662688232426e-04
1.531925790770947266e-04
1.554790354812304821e-04
1.509061226729589982e-04
1.531925790770947266e-04
1.737706867143164180e-04
1.897758815432666255e-04
1.577654918853662106e-04
1.417602970564160302e-04
1.623384046936376945e-04
1.737706867143164180e-04
1.600519482895019661e-04
1.623384046936376945e-04
1.577654918853662106e-04
1.234686458233300943e-04
1.257551022274658228e-04
1.600519482895019661e-04
1.691977739060449341e-04
1.440467534605517587e-04
1.280415586316015783e-04
1.371873842481445463e-04
1.394738406522802747e-04
1.920623379474023539e-04
1.417602970564160302e-04
1.577654918853662106e-04
1.577654918853662106e-04
1.234686458233300943e-04
1.623384046936376945e-04
1.623384046936376945e-04
1.806300559267236575e-04
1.691977739060449341e-04
1.120363638026513709e-04
1.486196662688232426e-04
1.554790354812304821e-04
1.166092766109228548e-04
1.211821894191943388e-04
1.691977739060449341e-04
1.349009278440087907e-04
1.966352507556738379e-04
1.600519482895019661e-04
1.234686458233300943e-04
1.303280150357373067e-04
1.577654918853662106e-04
1.509061226729589982e-04
1.440467534605517587e-04
1.143228202067871128e-04
1.600519482895019661e-04
1.623384046936376945e-04
1.280415586316015783e-04
1.417602970564160302e-04
1.509061226729589982e-04
1.463332098646875142e-04
1.188957330150585968e-04
1.417602970564160302e-04
1.600519482895019661e-04
1.486196662688232426e-04
1.486196662688232426e-04
1.051769945902441449e-04
1.257551022274658228e-04
1.463332098646875142e-04
1.554790354812304821e-04
1.623384046936376945e-04
1.463332098646875142e-04
1.737706867143164180e-04
2.012081635639453219e-04
1.028905381861084029e-04
1.097499073985156289e-04
1.531925790770947266e-04
1.257551022274658228e-04
1.531925790770947266e-04
1.509061226729589982e-04
1.463332098646875142e-04
1.211821894191943388e-04
1.463332098646875142e-04
1.806300559267236575e-04
1.394738406522802747e-04
1.417602970564160302e-04
1.417602970564160302e-04
1.509061226729589982e-04
1.280415586316015783e-04
1.326144714398730623e-04
1.188957330150585968e-04
1.394738406522802747e-04
1.531925790770947266e-04
1.417602970564160302e-04
1.280415586316015783e-04
1.554790354812304821e-04
1.394738406522802747e-04
1.257551022274658228e-04
1.554790354812304821e-04
1.509061226729589982e-04
1.097499073985156289e-04
7.773951774061524107e-05
1.303280150357373067e-04
1.440467534605517587e-04
1.463332098646875142e-04
1.280415586316015783e-04
1.486196662688232426e-04
1.463332098646875142e-04
1.280415586316015783e-04
1.280415586316015783e-04
1.531925790770947266e-04
1.211821894191943388e-04
1.371873842481445463e-04
1.417602970564160302e-04
1.303280150357373067e-04
1.349009278440087907e-04
1.531925790770947266e-04
1.188957330150585968e-04
1.440467534605517587e-04
1.394738406522802747e-04
1.531925790770947266e-04
1.554790354812304821e-04
1.211821894191943388e-04
1.554790354812304821e-04
1.417602970564160302e-04
1.349009278440087907e-04
1.417602970564160302e-04
1.097499073985156289e-04
1.188957330150585968e-04
1.646248610977734501e-04
1.326144714398730623e-04
1.486196662688232426e-04
1.623384046936376945e-04
1.417602970564160302e-04
1.966352507556738379e-04
1.257551022274658228e-04
1.143228202067871128e-04
1.280415586316015783e-04
1.966352507556738379e-04
1.280415586316015783e-04
1.257551022274658228e-04
1.188957330150585968e-04
1.234686458233300943e-04
1.486196662688232426e-04
1.852029687349951415e-04
1.371873842481445463e-04
1.554790354812304821e-04
1.531925790770947266e-04
1.463332098646875142e-04
1.394738406522802747e-04
1.326144714398730623e-04
1.326144714398730623e-04
1.143228202067871128e-04
1.417602970564160302e-04
1.257551022274658228e-04
1.326144714398730623e-04
1.280415586316015783e-04
1.371873842481445463e-04
1.349009278440087907e-04
1.074634509943798869e-04
1.280415586316015783e-04
1.554790354812304821e-04
1.440467534605517587e-04
1.486196662688232426e-04
1.691977739060449341e-04
1.486196662688232426e-04
8.002597414475098305e-05
1.417602970564160302e-04
1.257551022274658228e-04
1.852029687349951415e-04
1.120363638026513709e-04
1.509061226729589982e-04
2.286456404135742325e-05
1.326144714398730623e-04
1.188957330150585968e-04
1.211821894191943388e-04
1.257551022274658228e-04
1.440467534605517587e-04
1.074634509943798869e-04
1.280415586316015783e-04
1.234686458233300943e-04
1.211821894191943388e-04
1.120363638026513709e-04
1.257551022274658228e-04
1.463332098646875142e-04
1.326144714398730623e-04
1.257551022274658228e-04
1.188957330150585968e-04
1.440467534605517587e-04
1.006040817819726609e-04
1.303280150357373067e-04
1.394738406522802747e-04
1.303280150357373067e-04
1.234686458233300943e-04
1.234686458233300943e-04
9.831762537783691894e-05
1.188957330150585968e-04
1.760571431184521736e-04
1.211821894191943388e-04
1.143228202067871128e-04
1.326144714398730623e-04
1.074634509943798869e-04
1.554790354812304821e-04
1.280415586316015783e-04
1.326144714398730623e-04
8.688534335715820901e-05
1.371873842481445463e-04
1.097499073985156289e-04
1.188957330150585968e-04
1.600519482895019661e-04
1.234686458233300943e-04
1.097499073985156289e-04
1.028905381861084029e-04
1.349009278440087907e-04
1.028905381861084029e-04
9.603116897370117696e-05
1.371873842481445463e-04
1.120363638026513709e-04
1.554790354812304821e-04
1.188957330150585968e-04
1.051769945902441449e-04
1.280415586316015783e-04
6.402077931580078915e-05
1.188957330150585968e-04
1.623384046936376945e-04
1.440467534605517587e-04
1.120363638026513709e-04
1.371873842481445463e-04
1.234686458233300943e-04
1.326144714398730623e-04
1.371873842481445463e-04
1.188957330150585968e-04
1.280415586316015783e-04
1.394738406522802747e-04
1.463332098646875142e-04
1.280415586316015783e-04
1.371873842481445463e-04
1.097499073985156289e-04
1.120363638026513709e-04
1.120363638026513709e-04
1.440467534605517587e-04
1.166092766109228548e-04
1.074634509943798869e-04
1.051769945902441449e-04
1.371873842481445463e-04
1.234686458233300943e-04
1.326144714398730623e-04
9.145825616542969298e-05
1.303280150357373067e-04
1.188957330150585968e-04
1.280415586316015783e-04
1.188957330150585968e-04
1.166092766109228548e-04
1.326144714398730623e-04
1.188957330150585968e-04
1.440467534605517587e-04
1.303280150357373067e-04
1.051769945902441449e-04
1.234686458233300943e-04
1.303280150357373067e-04
1.257551022274658228e-04
1.188957330150585968e-04
1.303280150357373067e-04
1.440467534605517587e-04
1.280415586316015783e-04
1.211821894191943388e-04
1.166092766109228548e-04
1.349009278440087907e-04
1.211821894191943388e-04
1.234686458233300943e-04
1.486196662688232426e-04
1.303280150357373067e-04
1.143228202067871128e-04
1.257551022274658228e-04
1.257551022274658228e-04
1.326144714398730623e-04
1.417602970564160302e-04
1.280415586316015783e-04
1.509061226729589982e-04
1.417602970564160302e-04
1.303280150357373067e-04
1.257551022274658228e-04
1.257551022274658228e-04
1.051769945902441449e-04
1.531925790770947266e-04
1.326144714398730623e-04
1.188957330150585968e-04
1.326144714398730623e-04
1.188957330150585968e-04
1.417602970564160302e-04
1.051769945902441449e-04
1.006040817819726609e-04
1.577654918853662106e-04
8.917179976129395100e-05
1.280415586316015783e-04
1.486196662688232426e-04
1.349009278440087907e-04
1.234686458233300943e-04
7.088014852820801511e-05
1.143228202067871128e-04
1.234686458233300943e-04
1.440467534605517587e-04
1.417602970564160302e-04
1.143228202067871128e-04
1.143228202067871128e-04
1.440467534605517587e-04
1.143228202067871128e-04
1.326144714398730623e-04
1.417602970564160302e-04
1.303280150357373067e-04
1.051769945902441449e-04
1.234686458233300943e-04
1.371873842481445463e-04
1.463332098646875142e-04
8.917179976129395100e-05
9.831762537783691894e-05
1.211821894191943388e-04
1.646248610977734501e-04
1.211821894191943388e-04
1.120363638026513709e-04
1.531925790770947266e-04
1.006040817819726609e-04
1.577654918853662106e-04
1.074634509943798869e-04
1.166092766109228548e-04
1.028905381861084029e-04
1.143228202067871128e-04
8.917179976129395100e-05
1.188957330150585968e-04
1.394738406522802747e-04
1.280415586316015783e-04
1.120363638026513709e-04
1.326144714398730623e-04
9.145825616542969298e-05
1.006040817819726609e-04
1.074634509943798869e-04
1.280415586316015783e-04
1.211821894191943388e-04
1.280415586316015783e-04
1.143228202067871128e-04
7.773951774061524107e-05
1.166092766109228548e-04
1.143228202067871128e-04
1.211821894191943388e-04
1.166092766109228548e-04
1.120363638026513709e-04
1.166092766109228548e-04
1.120363638026513709e-04
1.280415586316015783e-04
1.577654918853662106e-04
1.188957330150585968e-04
1.097499073985156289e-04
1.211821894191943388e-04
9.374471256956543497e-05
1.051769945902441449e-04
8.688534335715820901e-05
1.257551022274658228e-04
1.326144714398730623e-04
1.097499073985156289e-04
1.166092766109228548e-04
9.831762537783691894e-05
1.143228202067871128e-04
1.349009278440087907e-04
1.166092766109228548e-04
1.257551022274658228e-04
1.394738406522802747e-04
1.188957330150585968e-04
8.917179976129395100e-05
1.280415586316015783e-04
1.074634509943798869e-04
9.374471256956543497e-05
1.531925790770947266e-04
1.120363638026513709e-04
1.623384046936376945e-04
9.374471256956543497e-05
1.234686458233300943e-04
1.006040817819726609e-04
1.097499073985156289e-04
1.280415586316015783e-04
1.051769945902441449e-04
1.074634509943798869e-04
1.006040817819726609e-04
1.143228202067871128e-04
7.316660493234375710e-05
1.097499073985156289e-04
1.326144714398730623e-04
6.402077931580078915e-05
1.463332098646875142e-04
9.603116897370117696e-05
1.143228202067871128e-04
1.097499073985156289e-04
8.917179976129395100e-05
1.211821894191943388e-04
1.234686458233300943e-04
1.211821894191943388e-04
1.326144714398730623e-04
1.006040817819726609e-04
1.257551022274658228e-04
1.028905381861084029e-04
1.166092766109228548e-04
1.074634509943798869e-04
8.459888695302246703e-05
1.097499073985156289e-04
1.234686458233300943e-04
1.006040817819726609e-04
1.120363638026513709e-04
1.188957330150585968e-04
1.303280150357373067e-04
8.688534335715820901e-05
9.145825616542969298e-05
1.257551022274658228e-04
4.115621527444336252e-05
1.188957330150585968e-04
1.166092766109228548e-04
1.166092766109228548e-04
1.074634509943798869e-04
1.188957330150585968e-04
1.166092766109228548e-04
1.234686458233300943e-04
1.188957330150585968e-04
1.211821894191943388e-04
1.188957330150585968e-04
1.188957330150585968e-04
1.074634509943798869e-04
1.120363638026513709e-04
1.280415586316015783e-04
1.006040817819726609e-04
1.051769945902441449e-04
1.211821894191943388e-04
1.074634509943798869e-04
1.028905381861084029e-04
3.658330246617187855e-05
9.374471256956543497e-05
1.074634509943798869e-04
1.097499073985156289e-04
1.509061226729589982e-04
8.917179976129395100e-05
1.257551022274658228e-04
9.603116897370117696e-05
1.166092766109228548e-04
9.374471256956543497e-05
1.051769945902441449e-04
9.145825616542969298e-05
1.006040817819726609e-04
1.211821894191943388e-04
1.417602970564160302e-04
9.374471256956543497e-05
1.394738406522802747e-04
1.006040817819726609e-04
1.006040817819726609e-04
7.316660493234375710e-05
1.028905381861084029e-04
1.051769945902441449e-04
1.074634509943798869e-04
1.074634509943798869e-04
1.097499073985156289e-04
1.006040817819726609e-04
9.603116897370117696e-05
9.374471256956543497e-05
1.188957330150585968e-04
8.917179976129395100e-05
1.120363638026513709e-04
1.097499073985156289e-04
8.917179976129395100e-05
8.688534335715820901e-05
1.188957330150585968e-04
1.006040817819726609e-04
1.234686458233300943e-04
1.006040817819726609e-04
1.166092766109228548e-04
1.028905381861084029e-04
1.028905381861084029e-04
1.028905381861084029e-04
1.188957330150585968e-04
9.374471256956543497e-05
1.097499073985156289e-04
7.316660493234375710e-05
1.074634509943798869e-04
1.097499073985156289e-04
1.051769945902441449e-04
1.143228202067871128e-04
1.097499073985156289e-04
1.028905381861084029e-04
1.211821894191943388e-04
8.917179976129395100e-05
9.374471256956543497e-05
8.002597414475098305e-05
9.603116897370117696e-05
1.074634509943798869e-04
1.166092766109228548e-04
1.028905381861084029e-04
1.097499073985156289e-04
1.028905381861084029e-04
1.166092766109228548e-04
6.630723571993653114e-05
9.374471256956543497e-05
1.234686458233300943e-04
1.028905381861084029e-04
1.166092766109228548e-04
1.280415586316015783e-04
1.371873842481445463e-04
1.097499073985156289e-04
1.143228202067871128e-04
1.097499073985156289e-04
9.831762537783691894e-05
1.074634509943798869e-04
9.603116897370117696e-05
1.051769945902441449e-04
1.097499073985156289e-04
9.831762537783691894e-05
1.188957330150585968e-04
1.051769945902441449e-04
9.374471256956543497e-05
9.374471256956543497e-05
8.917179976129395100e-05
9.145825616542969298e-05
1.120363638026513709e-04
1.371873842481445463e-04
1.028905381861084029e-04
9.603116897370117696e-05
9.831762537783691894e-05
1.120363638026513709e-04
1.074634509943798869e-04
1.326144714398730623e-04
9.374471256956543497e-05
1.051769945902441449e-04
1.028905381861084029e-04
1.120363638026513709e-04
1.028905381861084029e-04
1.120363638026513709e-04
9.603116897370117696e-05
1.166092766109228548e-04
1.051769945902441449e-04
1.234686458233300943e-04
1.120363638026513709e-04
8.002597414475098305e-05
2.743747684962890722e-05
1.006040817819726609e-04
5.030204089098633046e-05
1.349009278440087907e-04
9.145825616542969298e-05
9.603116897370117696e-05
1.257551022274658228e-04
9.831762537783691894e-05
1.120363638026513709e-04
1.143228202067871128e-04
8.459888695302246703e-05
8.917179976129395100e-05
9.145825616542969298e-05
1.097499073985156289e-04
1.120363638026513709e-04
1.051769945902441449e-04
1.211821894191943388e-04
9.603116897370117696e-05
1.006040817819726609e-04
7.545306133647949908e-05
9.831762537783691894e-05
9.603116897370117696e-05
1.257551022274658228e-04
7.773951774061524107e-05
8.459888695302246703e-05
7.316660493234375710e-05
9.374471256956543497e-05
8.459888695302246703e-05
1.097499073985156289e-04
1.074634509943798869e-04
1.326144714398730623e-04
1.006040817819726609e-04
8.002597414475098305e-05
1.074634509943798869e-04
1.120363638026513709e-04
1.211821894191943388e-04
1.051769945902441449e-04
8.459888695302246703e-05
8.688534335715820901e-05
1.211821894191943388e-04
1.257551022274658228e-04
9.831762537783691894e-05
8.917179976129395100e-05
9.374471256956543497e-05
7.773951774061524107e-05
1.028905381861084029e-04
8.917179976129395100e-05
1.211821894191943388e-04
7.545306133647949908e-05
9.831762537783691894e-05
9.603116897370117696e-05
1.028905381861084029e-04
8.459888695302246703e-05
9.603116897370117696e-05
1.051769945902441449e-04
1.028905381861084029e-04
8.688534335715820901e-05
8.917179976129395100e-05
1.257551022274658228e-04
8.917179976129395100e-05
6.859369212407227313e-05
9.831762537783691894e-05
1.028905381861084029e-04
1.417602970564160302e-04
8.688534335715820901e-05
1.074634509943798869e-04
1.051769945902441449e-04
8.231243054888672504e-05
1.028905381861084029e-04
7.088014852820801511e-05
9.374471256956543497e-05
9.603116897370117696e-05
1.120363638026513709e-04
1.074634509943798869e-04
8.002597414475098305e-05
5.258849729512207245e-05
8.459888695302246703e-05
9.831762537783691894e-05
1.028905381861084029e-04
9.831762537783691894e-05
1.074634509943798869e-04
9.603116897370117696e-05
1.051769945902441449e-04
9.603116897370117696e-05
8.917179976129395100e-05
1.051769945902441449e-04
1.074634509943798869e-04
7.773951774061524107e-05
9.831762537783691894e-05
8.002597414475098305e-05
8.917179976129395100e-05
1.051769945902441449e-04
1.006040817819726609e-04
1.074634509943798869e-04
9.831762537783691894e-05
8.231243054888672504e-05
8.688534335715820901e-05
9.374471256956543497e-05
1.097499073985156289e-04
9.374471256956543497e-05
1.234686458233300943e-04
8.917179976129395100e-05
1.028905381861084029e-04
9.374471256956543497e-05
9.374471256956543497e-05
1.051769945902441449e-04
7.545306133647949908e-05
9.603116897370117696e-05
1.097499073985156289e-04
1.006040817819726609e-04
9.145825616542969298e-05
1.028905381861084029e-04
7.545306133647949908e-05
9.603116897370117696e-05
9.145825616542969298e-05
8.688534335715820901e-05
1.097499073985156289e-04
1.143228202067871128e-04
1.006040817819726609e-04
8.459888695302246703e-05
1.051769945902441449e-04
9.374471256956543497e-05
1.211821894191943388e-04
1.074634509943798869e-04
9.603116897370117696e-05
1.074634509943798869e-04
7.773951774061524107e-05
9.145825616542969298e-05
7.545306133647949908e-05
8.002597414475098305e-05
8.688534335715820901e-05
9.603116897370117696e-05
8.688534335715820901e-05
8.459888695302246703e-05
4.801558448685058848e-05
8.459888695302246703e-05
1.051769945902441449e-04
1.006040817819726609e-04
1.006040817819726609e-04
7.545306133647949908e-05
9.603116897370117696e-05
1.074634509943798869e-04
8.002597414475098305e-05
8.459888695302246703e-05
5.944786650752929841e-05
9.831762537783691894e-05
1.006040817819726609e-04
9.603116897370117696e-05
1.006040817819726609e-04
1.006040817819726609e-04
8.231243054888672504e-05
1.028905381861084029e-04
9.831762537783691894e-05
7.773951774061524107e-05
5.716141010339355642e-05
1.097499073985156289e-04
9.603116897370117696e-05
1.051769945902441449e-04
7.773951774061524107e-05
7.773951774061524107e-05
1.051769945902441449e-04
7.773951774061524107e-05
9.374471256956543497e-05
1.143228202067871162e-05
9.603116897370117696e-05
8.688534335715820901e-05
6.630723571993653114e-05
7.773951774061524107e-05
6.173432291166504717e-05
8.231243054888672504e-05
7.545306133647949908e-05
8.688534335715820901e-05
1.074634509943798869e-04
1.051769945902441449e-04
1.188957330150585968e-04
1.120363638026513709e-04
1.074634509943798869e-04
1.074634509943798869e-04
9.374471256956543497e-05
1.051769945902441449e-04
9.603116897370117696e-05
8.231243054888672504e-05
7.088014852820801511e-05
9.374471256956543497e-05
5.944786650752929841e-05
9.603116897370117696e-05
5.716141010339355642e-05
7.773951774061524107e-05
8.459888695302246703e-05
1.074634509943798869e-04
9.145825616542969298e-05
9.603116897370117696e-05
8.459888695302246703e-05
7.545306133647949908e-05
9.831762537783691894e-05
6.630723571993653114e-05
6.630723571993653114e-05
8.688534335715820901e-05
6.859369212407227313e-05
8.459888695302246703e-05
1.028905381861084029e-04
1.051769945902441449e-04
8.002597414475098305e-05
8.917179976129395100e-05
1.006040817819726609e-04
7.088014852820801511e-05
7.316660493234375710e-05
8.002597414475098305e-05
9.374471256956543497e-05
8.917179976129395100e-05
7.773951774061524107e-05
8.231243054888672504e-05
8.688534335715820901e-05
4.572912808271484649e-05
7.545306133647949908e-05
5.716141010339355642e-05
9.603116897370117696e-05
8.459888695302246703e-05
9.374471256956543497e-05
8.459888695302246703e-05
8.002597414475098305e-05
8.688534335715820901e-05
1.051769945902441449e-04
8.231243054888672504e-05
6.859369212407227313e-05
7.545306133647949908e-05
8.917179976129395100e-05
9.145825616542969298e-05
8.917179976129395100e-05
9.374471256956543497e-05
9.145825616542969298e-05
1.028905381861084029e-04
1.006040817819726609e-04
6.859369212407227313e-05
8.231243054888672504e-05
8.688534335715820901e-05
1.006040817819726609e-04
7.545306133647949908e-05
6.630723571993653114e-05
9.831762537783691894e-05
8.688534335715820901e-05
8.459888695302246703e-05
1.006040817819726609e-04
7.316660493234375710e-05
8.002597414475098305e-05
7.088014852820801511e-05
1.006040817819726609e-04
9.831762537783691894e-05
9.603116897370117696e-05
9.831762537783691894e-05
9.374471256956543497e-05
7.773951774061524107e-05
8.917179976129395100e-05
9.145825616542969298e-05
5.716141010339355642e-05
8.231243054888672504e-05
1.028905381861084029e-04
8.002597414475098305e-05
8.688534335715820901e-05
8.231243054888672504e-05
6.402077931580078915e-05
8.459888695302246703e-05
9.603116897370117696e-05
9.145825616542969298e-05
7.545306133647949908e-05
8.002597414475098305e-05
6.859369212407227313e-05
6.630723571993653114e-05
7.088014852820801511e-05
8.459888695302246703e-05
1.051769945902441449e-04
5.944786650752929841e-05
7.773951774061524107e-05
6.402077931580078915e-05
1.028905381861084029e-04
5.944786650752929841e-05
7.773951774061524107e-05
7.545306133647949908e-05
7.545306133647949908e-05
9.145825616542969298e-05
8.688534335715820901e-05
1.051769945902441449e-04
7.316660493234375710e-05
3.429684606203613656e-05
7.545306133647949908e-05
7.773951774061524107e-05
7.088014852820801511e-05
8.231243054888672504e-05
1.028905381861084029e-04
8.688534335715820901e-05
7.545306133647949908e-05
7.773951774061524107e-05
7.773951774061524107e-05
8.231243054888672504e-05
1.166092766109228548e-04
9.603116897370117696e-05
6.859369212407227313e-05
8.231243054888672504e-05
8.917179976129395100e-05
8.231243054888672504e-05
9.603116897370117696e-05
8.231243054888672504e-05
8.917179976129395100e-05
9.145825616542969298e-05
6.859369212407227313e-05
9.145825616542969298e-05
7.545306133647949908e-05
6.859369212407227313e-05
9.603116897370117696e-05
7.545306133647949908e-05
7.316660493234375710e-05
5.030204089098633046e-05
8.917179976129395100e-05
7.088014852820801511e-05
9.603116897370117696e-05
8.231243054888672504e-05
1.028905381861084029e-04
6.859369212407227313e-05
8.917179976129395100e-05
8.231243054888672504e-05
6.173432291166504717e-05
9.603116897370117696e-05
8.688534335715820901e-05
7.088014852820801511e-05
1.028905381861084029e-04
8.231243054888672504e-05
7.088014852820801511e-05
7.316660493234375710e-05
8.002597414475098305e-05
9.831762537783691894e-05
7.773951774061524107e-05
1.097499073985156289e-04
8.459888695302246703e-05
9.831762537783691894e-05
8.459888695302246703e-05
7.773951774061524107e-05
8.002597414475098305e-05
8.002597414475098305e-05
7.545306133647949908e-05
7.773951774061524107e-05
7.773951774061524107e-05
7.088014852820801511e-05
5.944786650752929841e-05
8.459888695302246703e-05
7.088014852820801511e-05
8.459888695302246703e-05
7.773951774061524107e-05
6.859369212407227313e-05
7.545306133647949908e-05
5.944786650752929841e-05
8.688534335715820901e-05
7.545306133647949908e-05
7.545306133647949908e-05
7.545306133647949908e-05
6.173432291166504717e-05
8.688534335715820901e-05
8.459888695302246703e-05
7.545306133647949908e-05
9.145825616542969298e-05
6.859369212407227313e-05
8.231243054888672504e-05
8.231243054888672504e-05
7.316660493234375710e-05
8.688534335715820901e-05
8.231243054888672504e-05
8.459888695302246703e-05
7.545306133647949908e-05
8.688534335715820901e-05
8.002597414475098305e-05
6.402077931580078915e-05
8.459888695302246703e-05
8.459888695302246703e-05
8.917179976129395100e-05
7.545306133647949908e-05
2.286456404135742325e-05
7.316660493234375710e-05
6.630723571993653114e-05
8.231243054888672504e-05
8.002597414475098305e-05
9.374471256956543497e-05
8.459888695302246703e-05
5.944786650752929841e-05
8.002597414475098305e-05
7.545306133647949908e-05
7.316660493234375710e-05
8.231243054888672504e-05
6.402077931580078915e-05
8.002597414475098305e-05
7.773951774061524107e-05
5.944786650752929841e-05
6.173432291166504717e-05
7.316660493234375710e-05
7.545306133647949908e-05
8.459888695302246703e-05
7.773951774061524107e-05
7.545306133647949908e-05
6.630723571993653114e-05
9.603116897370117696e-05
8.231243054888672504e-05
6.859369212407227313e-05
9.374471256956543497e-05
8.688534335715820901e-05
6.859369212407227313e-05
6.630723571993653114e-05
8.688534335715820901e-05
9.145825616542969298e-05
7.545306133647949908e-05
5.944786650752929841e-05
8.002597414475098305e-05
5.030204089098633046e-05
7.316660493234375710e-05
8.459888695302246703e-05
8.688534335715820901e-05
6.630723571993653114e-05
8.231243054888672504e-05
7.545306133647949908e-05
5.716141010339355642e-05
7.545306133647949908e-05
8.002597414475098305e-05
6.859369212407227313e-05
8.688534335715820901e-05
8.002597414475098305e-05
8.231243054888672504e-05
7.316660493234375710e-05
9.145825616542969298e-05
8.917179976129395100e-05
7.316660493234375710e-05
7.773951774061524107e-05
7.773951774061524107e-05
6.173432291166504717e-05
8.688534335715820901e-05
5.944786650752929841e-05
8.002597414475098305e-05
5.716141010339355642e-05
7.088014852820801511e-05
5.716141010339355642e-05
7.088014852820801511e-05
6.402077931580078915e-05
2.515102044549316523e-05
1.051769945902441449e-04
9.603116897370117696e-05
6.402077931580078915e-05
7.773951774061524107e-05
6.402077931580078915e-05
6.859369212407227313e-05
7.545306133647949908e-05
6.173432291166504717e-05
3.658330246617187855e-05
7.773951774061524107e-05
6.402077931580078915e-05
7.088014852820801511e-05
9.831762537783691894e-05
6.173432291166504717e-05
8.917179976129395100e-05
6.173432291166504717e-05
6.173432291166504717e-05
6.173432291166504717e-05
7.088014852820801511e-05
7.316660493234375710e-05
7.773951774061524107e-05
1.051769945902441449e-04
6.859369212407227313e-05
5.944786650752929841e-05
5.258849729512207245e-05
6.859369212407227313e-05
8.459888695302246703e-05
1.028905381861084029e-04
8.917179976129395100e-05
8.231243054888672504e-05
6.630723571993653114e-05
7.773951774061524107e-05
6.173432291166504717e-05
2.972393325376464920e-05
5.487495369925781443e-05
5.944786650752929841e-05
6.402077931580078915e-05
9.603116897370117696e-05
3.201038965790039458e-05
6.630723571993653114e-05
8.459888695302246703e-05
8.688534335715820901e-05
7.545306133647949908e-05
7.773951774061524107e-05
7.088014852820801511e-05
7.773951774061524107e-05
5.030204089098633046e-05
7.316660493234375710e-05
8.231243054888672504e-05
7.088014852820801511e-05
7.545306133647949908e-05
5.487495369925781443e-05
8.231243054888672504e-05
6.402077931580078915e-05
8.917179976129395100e-05
8.459888695302246703e-05
6.630723571993653114e-05
6.402077931580078915e-05
7.773951774061524107e-05
7.545306133647949908e-05
2.972393325376464920e-05
8.231243054888672504e-05
6.859369212407227313e-05
5.030204089098633046e-05
6.859369212407227313e-05
5.944786650752929841e-05
9.145825616542969298e-05
8.459888695302246703e-05
7.316660493234375710e-05
6.402077931580078915e-05
8.002597414475098305e-05
8.459888695302246703e-05
8.231243054888672504e-05
6.630723571993653114e-05
5.944786650752929841e-05
8.459888695302246703e-05
8.002597414475098305e-05
7.773951774061524107e-05
5.944786650752929841e-05
5.258849729512207245e-05
5.944786650752929841e-05
7.545306133647949908e-05
6.630723571993653114e-05
8.002597414475098305e-05
7.545306133647949908e-05
7.088014852820801511e-05
6.173432291166504717e-05
6.859369212407227313e-05
8.231243054888672504e-05
