1.149401945454176302e-02
5.031171943220356067e-03
6.696383242288244352e-03
1.056495339439108075e-02
7.082224884755193399e-03
6.198850598054545663e-03
5.625164998070792018e-03
9.514042605040309852e-03
4.833174258270210751e-03
3.792417196352781007e-03
3.269500233535730955e-03
4.990557033486993192e-03
2.954734683102166939e-03
2.650122860101943208e-03
4.259488658286457105e-03
4.147797656519708331e-03
5.386552403387283826e-03
7.087301748471864192e-03
6.371463964421338749e-03
7.264991978555328071e-03
6.797920516621651539e-03
5.488089677720691013e-03
3.629957557419328639e-03
4.924557805170278087e-03
3.340576325569116420e-03
6.183620006904535019e-03
5.909469366204333877e-03
2.391202810551753578e-03
2.711045224701987954e-03
3.274577097252401314e-03
4.528562435269987453e-03
5.686087362670836330e-03
6.143005097171171710e-04
3.888877606969518702e-03
1.827670938001340218e-03
4.031029791036289632e-03
1.878439575168044245e-03
5.076863716670389871e-05
4.193489429969741999e-03
6.498385557338099035e-04
2.005361168084804097e-03
1.289523384034279088e-03
4.117336474219686175e-03
3.558881465385943174e-03
1.898747030034725683e-03
3.228885323802367646e-03
4.289949840586479261e-03
2.766890725585362341e-03
1.908900757468066619e-03
3.137501776902300744e-03
1.406291249517698004e-03
6.295311008671283575e-04
1.868285847734703310e-03
1.071218244217452334e-03
3.101963730885608228e-03
2.741506407002010327e-04
2.117052169851552437e-03
4.574254208720021121e-03
2.177974534451597183e-03
1.025526470767418666e-03
1.959669394634770429e-03
3.376114371585808935e-03
1.116910017667485785e-03
1.604288934467843104e-03
2.848120545052088524e-03
2.132282761001563515e-03
2.975042137968848376e-03
3.543650874235932096e-03
3.538574010519261737e-03
1.964746258351440789e-03
1.863208984018032950e-03
3.325345734419105342e-03
4.163028247669719626e-04
2.249050626484982648e-03
2.766890725585362341e-03
8.884511504173182037e-04
5.076863716670389735e-04
1.269215929167597434e-03
5.889161911337651573e-04
2.218589444184960492e-03
1.888593302601384964e-03
2.436894584001787246e-03
2.355664764535060629e-03
3.452267327335864977e-04
1.426598704384379442e-03
7.919907398005808334e-04
9.696809698840443874e-04
1.665211299067887851e-03
2.218589444184960492e-03
2.203358853034948980e-03
2.558739313201876305e-03
2.294742399935016317e-03
1.995207440651462945e-03
6.701460106004914494e-04
2.396279674268423938e-03
1.482444205267753829e-03
2.309972991085027395e-03
2.518124403468513430e-03
1.553520297301139294e-03
5.584550088337428926e-04
2.228743171618301211e-03
1.482444205267753829e-03
2.208435716751619340e-03
2.594277359218569255e-03
2.721198952135328673e-03
2.700891497268647235e-03
1.853055256584692232e-03
1.675365026501228569e-03
1.345368884917653258e-03
2.589200495501899004e-04
2.939504091952155427e-03
6.599922831671506222e-04
1.416444976951038723e-03
9.950652884673962927e-04
2.386125946835083273e-04
7.970676035172511928e-04
2.081514123834859922e-03
1.721056799951262021e-03
2.213512580468289699e-03
3.452267327335864977e-04
1.451983022967731456e-03
1.350445748634323618e-03
7.462989663505472738e-04
3.411652417602501885e-03
3.604573238835976842e-04
8.427593769672846440e-04
1.360599476067664336e-03
6.955303291838433547e-04
9.493735150173628415e-04
7.818370123672400062e-04
2.675507178685295438e-03
1.360599476067664336e-03
1.528135978717787280e-03
8.122981946672623793e-04
8.122981946672623793e-04
1.853055256584692232e-03
1.837824665434681154e-03
1.482444205267753829e-03
9.747578336007148552e-04
2.340434173385049551e-03
4.112259610503015490e-04
6.092236460004468116e-04
8.579899681172958306e-04
2.183051398168267543e-04
4.924557805170277870e-04
1.223524155717563983e-03
4.619945982170054681e-04
1.045833925634100320e-03
9.138354690006701090e-04
2.066283532684848410e-03
1.954592530918100070e-03
8.072213309505919115e-04
2.386125946835083273e-04
1.040757061917429961e-03
1.715979936234591661e-03
1.253985338017586356e-03
1.269215929167597434e-03
1.817517210567999499e-03
2.563816176918546665e-03
1.573827752167820894e-04
1.355522612350993977e-03
7.919907398005808334e-04
4.163028247669719626e-04
1.248908474300915779e-03
2.035822350384826254e-03
7.564526937838881009e-04
5.635318725504132520e-04
1.152448063684178518e-03
1.898747030034725683e-03
1.776902300834636407e-03
6.955303291838433547e-04
5.889161911337651573e-04
5.787624637004244385e-04
1.421521840667709083e-03
1.279369656600938153e-03
2.040899214101496613e-03
2.071360396401519203e-03
1.162601791117519236e-03
9.138354690006701090e-04
1.279369656600938153e-03
1.710903072517921302e-03
5.889161911337651573e-04
2.081514123834859813e-04
9.646041061673740280e-04
8.986048778506590309e-04
2.147513352151575027e-03
1.116910017667485785e-03
1.193062973417541609e-03
1.152448063684178518e-03
1.096602562800804131e-03
1.162601791117519236e-03
1.721056799951262021e-03
7.818370123672400062e-04
1.939361939768088775e-03
1.685518753934569288e-03
1.020449607050748306e-03
1.492597932701094548e-03
5.635318725504132520e-04
9.849115610340555740e-04
1.066141380500781758e-03
6.092236460004468116e-04
1.132140608817496863e-03
4.569177345003350545e-04
7.513758300672176331e-04
6.752228743171618088e-04
9.696809698840443874e-04
1.731210527384602956e-03
2.051052941534837332e-03
3.604573238835976842e-04
1.055987653067441039e-03
4.518408707836646951e-04
1.660134435351217491e-03
5.229169628170501601e-04
1.624596389334524759e-03
9.189123327173405768e-04
1.507828523851105842e-03
5.889161911337651573e-04
9.442966513006924821e-04
1.101679426517474490e-03
7.462989663505472738e-04
1.269215929167597434e-03
1.990130576934792585e-03
1.751517982251284394e-03
5.279938265337205195e-04
6.244542371504578897e-04
1.396137522084357069e-03
1.517982251284446561e-03
7.716832849338992875e-04
5.889161911337651573e-04
1.766748573401295689e-03
6.041467822837763438e-04
7.056840566171841819e-04
1.497674796417764907e-03
1.675365026501228569e-03
5.127632353837093329e-04
8.681436955506366578e-04
1.431675568101049801e-03
1.071218244217452334e-03
9.189123327173405768e-04
1.401214385801027645e-03
1.990130576934792585e-03
1.259062201734256715e-03
7.056840566171841819e-04
8.986048778506590309e-04
6.498385557338099035e-04
6.853766017505026360e-04
1.279369656600938153e-03
5.076863716670389735e-04
3.350730053002457247e-04
5.432244176837317060e-04
1.162601791117519236e-03
5.076863716670389735e-04
9.036817415673293902e-04
1.015372743334077974e-05
1.111833153950815426e-03
1.528135978717787280e-03
1.771825437117966048e-03
8.021444672339215522e-04
1.314907702617630885e-03
1.086448835367463412e-03
4.569177345003350545e-04
8.326056495339439253e-04
8.579899681172958306e-04
8.376825132506142847e-04
8.021444672339215522e-04
1.690595617651239864e-03
4.213796884836423220e-04
6.447616920171395441e-04
7.666064212172288197e-04
1.523059115001116961e-05
7.462989663505472738e-04
8.732205592673070171e-04
1.228601019434234342e-03
2.690737769835306733e-04
6.346079645837987169e-04
7.513758300672176331e-04
6.396848283004690763e-04
1.066141380500781758e-03
1.507828523851105842e-03
7.564526937838881009e-04
7.056840566171841819e-04
6.396848283004690763e-04
7.564526937838881009e-04
1.776902300834636353e-04
7.919907398005808334e-04
4.315334159169831492e-04
1.533212842434457639e-03
1.096602562800804131e-03
9.341429238673516549e-04
8.478362406839551118e-04
6.193773734337875304e-04
1.325061430050971604e-03
5.584550088337428926e-04
4.315334159169831492e-04
9.392197875840221227e-04
7.716832849338992875e-04
8.072213309505919115e-04
9.189123327173405768e-04
5.076863716670389871e-06
4.721483256503462411e-04
1.172755518550859955e-03
6.650691468838210900e-04
6.853766017505026360e-04
1.005219015900737228e-03
8.072213309505919115e-04
1.543366569867798575e-03
9.392197875840221227e-04
1.431675568101049801e-03
6.092236460004468116e-04
9.036817415673293902e-04
4.924557805170277870e-04
1.553520297301139294e-03
8.326056495339439253e-04
2.132282761001563678e-04
5.736855999837540791e-04
4.264565522003127356e-04
1.472290477834412893e-04
8.072213309505919115e-04
7.006071929005138225e-04
8.630668318339662984e-04
6.599922831671506222e-04
8.326056495339439253e-04
4.772251893670166546e-04
7.666064212172288197e-04
9.646041061673740280e-04
8.224519221006030981e-04
3.147655504335641788e-04
1.050910789350770680e-03
9.747578336007148552e-04
1.040757061917429961e-03
2.538431858335194935e-05
4.670714619336758275e-04
7.209146477671953684e-04
8.376825132506142847e-04
1.081371971650793053e-03
1.350445748634323618e-03
7.209146477671953684e-04
5.787624637004244385e-04
5.787624637004244385e-04
1.157524927400848877e-03
1.259062201734256715e-03
5.838393274170947979e-04
5.330706902503908788e-04
1.055987653067441039e-03
8.579899681172958306e-04
1.304753975184290166e-03
1.330138293767642180e-03
5.229169628170501601e-04
1.274292792884267793e-03
5.787624637004244385e-04
5.635318725504132520e-04
2.843043681335418057e-04
1.116910017667485785e-03
9.696809698840443874e-04
5.178400991003798007e-04
6.549154194504802629e-04
3.350730053002457247e-04
2.690737769835306733e-04
5.127632353837093329e-04
1.035680198200759601e-03
9.544503787340333093e-04
7.209146477671953684e-04
5.279938265337205195e-04
6.904534654671729953e-04
9.290660601506812956e-04
1.269215929167597434e-03
4.569177345003350545e-04
5.533781451170724248e-04
5.076863716670389871e-06
2.538431858335194935e-05
7.259915114838657278e-04
1.157524927400848877e-03
7.615295575005584603e-04
5.279938265337205195e-04
3.299961415835753111e-04
4.416871433503239222e-04
8.478362406839551118e-04
7.970676035172511928e-04
1.218447292000893623e-03
3.350730053002457247e-04
2.741506407002010327e-04
9.798346973173852146e-04
4.416871433503239222e-04
1.726133663667932488e-04
4.772251893670166546e-04
6.955303291838433547e-04
4.010722336169607761e-04
6.599922831671506222e-04
4.670714619336758275e-04
3.655341876002680436e-04
5.127632353837093329e-04
5.381475539670613466e-04
5.076863716670389735e-04
1.929208212334748219e-04
9.087586052839997496e-04
9.392197875840221227e-04
1.827670938001340218e-04
8.326056495339439253e-04
3.807647787502792302e-04
7.056840566171841819e-04
6.853766017505026360e-04
6.599922831671506222e-04
5.076863716670389871e-06
3.706110513169384572e-04
5.330706902503908788e-04
6.346079645837987169e-04
2.639969132668602597e-04
9.392197875840221227e-04
8.224519221006030981e-04
7.412221026338769144e-04
4.163028247669719626e-04
5.889161911337651573e-04
5.838393274170947979e-04
2.893812318502122193e-04
5.990699185671059844e-04
3.452267327335864977e-04
8.986048778506590309e-04
6.193773734337875304e-04
4.467640070669942815e-04
2.639969132668602597e-04
7.158377840505249006e-04
8.833742867006478443e-04
7.513758300672176331e-04
1.979976849501452084e-04
1.132140608817496863e-03
9.138354690006701090e-05
1.025526470767418666e-03
2.944580955668825786e-04
6.244542371504578897e-04
7.716832849338992875e-04
1.061064516784111398e-03
3.401498690169160841e-04
8.122981946672623793e-05
1.137217472534167223e-03
7.919907398005808334e-04
9.392197875840221227e-04
1.979976849501452084e-04
6.904534654671729953e-04
3.807647787502792302e-04
5.483012814004020654e-04
6.701460106004914494e-04
7.158377840505249006e-04
9.087586052839997496e-04
6.802997380338321682e-04
3.655341876002680436e-04
1.000142152184066869e-03
5.076863716670389871e-06
4.264565522003127356e-04
4.569177345003350545e-04
1.010295879617407588e-03
1.309830838900960526e-03
1.015372743334077947e-03
5.736855999837540791e-04
5.178400991003798007e-04
4.772251893670166546e-04
6.904534654671729953e-04
5.076863716670389871e-06
5.127632353837093329e-04
4.975326442336981464e-04
5.076863716670389871e-06
4.975326442336981464e-04
5.432244176837317060e-04
1.319984566334301299e-04
8.021444672339215522e-04
5.736855999837540791e-04
1.370753203501005163e-04
3.655341876002680436e-04
5.381475539670613466e-04
1.573827752167820894e-04
4.264565522003127356e-04
8.326056495339439253e-04
8.173750583839327387e-04
1.624596389334524759e-04
5.838393274170947979e-04
3.452267327335864977e-04
2.132282761001563678e-04
3.096886867168937652e-04
4.315334159169831492e-04
1.472290477834412893e-04
3.299961415835753111e-04
5.939930548504356251e-04
4.315334159169831492e-04
1.929208212334748219e-04
1.015372743334077974e-05
4.163028247669719626e-04
2.589200495501899004e-04
4.315334159169831492e-04
2.792275044168714463e-04
2.639969132668602597e-04
1.929208212334748219e-04
4.873789168003574276e-04
3.401498690169160841e-04
9.646041061673741094e-05
6.498385557338099035e-04
1.878439575168044083e-04
1.015372743334077974e-05
5.787624637004244385e-04
7.006071929005138225e-04
1.878439575168044083e-04
4.112259610503015490e-04
6.955303291838433547e-04
7.462989663505472738e-04
6.904534654671729953e-04
7.666064212172288197e-04
1.066141380500781839e-04
7.970676035172511928e-04
4.061490973336311897e-04
4.061490973336311897e-04
4.213796884836423220e-04
5.990699185671059844e-04
4.163028247669719626e-04
9.595272424507036687e-04
4.569177345003350545e-04
5.838393274170947979e-04
4.213796884836423220e-04
5.330706902503908788e-04
6.802997380338321682e-04
6.752228743171618088e-04
6.549154194504802629e-04
6.143005097171171710e-04
4.772251893670166546e-04
6.752228743171618088e-04
2.386125946835083273e-04
3.096886867168937652e-04
7.158377840505249006e-04
4.772251893670166546e-04
9.798346973173852146e-04
2.030745486668155948e-04
4.772251893670166546e-04
5.076863716670389871e-05
1.929208212334748219e-04
5.736855999837540791e-04
7.869138760839103656e-04
2.386125946835083273e-04
8.681436955506366578e-04
1.086448835367463412e-03
3.858416424669496437e-04
6.549154194504802629e-04
5.127632353837093329e-04
5.533781451170724248e-04
1.878439575168044083e-04
6.244542371504578897e-04
3.858416424669496437e-04
1.523059115001116961e-05
1.523059115001117029e-04
2.893812318502122193e-04
9.138354690006701090e-05
1.269215929167597434e-03
1.269215929167597434e-04
3.655341876002680436e-04
8.021444672339215522e-04
2.589200495501899004e-04
1.776902300834636353e-04
4.975326442336981464e-04
2.893812318502122193e-04
2.690737769835306733e-04
5.939930548504356251e-04
4.315334159169831492e-04
5.939930548504356251e-04
3.198424141502345381e-04
4.416871433503239222e-04
4.467640070669942815e-04
1.979976849501452084e-04
3.452267327335864977e-04
2.386125946835083273e-04
2.386125946835083273e-04
3.909185061836200031e-04
3.147655504335641788e-04
8.884511504173182037e-04
6.041467822837763438e-04
6.650691468838210900e-04
1.218447292000893569e-04
3.299961415835753111e-04
7.006071929005138225e-04
7.361452389172065550e-04
4.264565522003127356e-04
4.772251893670166546e-04
8.021444672339215522e-04
5.330706902503908788e-04
4.061490973336311897e-04
4.873789168003574276e-04
3.604573238835976842e-04
2.487663221168490732e-04
6.396848283004690763e-04
7.107609203338545142e-05
5.076863716670389871e-05
3.909185061836200031e-04
3.706110513169384572e-04
6.396848283004690763e-04
2.030745486668155948e-05
1.015372743334077974e-05
4.315334159169831492e-04
4.061490973336311897e-05
3.401498690169160841e-04
2.030745486668155948e-04
4.061490973336311897e-05
3.503035964502569113e-04
6.244542371504578897e-04
1.269215929167597434e-04
2.436894584001787138e-04
2.741506407002010327e-04
7.107609203338545142e-05
3.350730053002457247e-04
5.026095079503686142e-04
2.132282761001563678e-04
1.238754746867575061e-03
2.690737769835306733e-04
5.686087362670836113e-04
3.909185061836200031e-04
3.198424141502345381e-04
2.030745486668155948e-04
5.584550088337428519e-05
1.523059115001116961e-05
3.959953699002904167e-04
2.690737769835306733e-04
5.026095079503686142e-04
4.518408707836646951e-04
2.487663221168490732e-04
4.518408707836646951e-04
5.939930548504356251e-04
4.619945982170054681e-04
4.772251893670166546e-04
9.646041061673741094e-05
1.421521840667709028e-04
9.442966513006924821e-04
2.030745486668155948e-05
8.122981946672623793e-05
7.919907398005808334e-04
3.299961415835753111e-04
7.158377840505249006e-04
4.366102796336535086e-04
4.366102796336535086e-04
7.361452389172065550e-04
4.467640070669942815e-04
7.107609203338545142e-05
2.284588672501675272e-04
3.452267327335864977e-04
8.122981946672623793e-05
1.167678654834189569e-04
3.401498690169160841e-04
4.924557805170277870e-04
9.087586052839997496e-04
6.143005097171171710e-04
7.970676035172511928e-04
8.173750583839327387e-04
6.396848283004690763e-04
2.132282761001563678e-04
2.944580955668825786e-04
5.381475539670613466e-04
3.096886867168937652e-04
4.213796884836423220e-04
3.350730053002457247e-04
3.706110513169384572e-04
4.975326442336981464e-04
2.639969132668602597e-04
2.843043681335418057e-04
6.346079645837987169e-04
2.233820035334971408e-04
8.224519221006030981e-04
5.127632353837093329e-04
2.436894584001787138e-04
5.584550088337428519e-05
4.619945982170054681e-04
4.924557805170277870e-04
4.721483256503462411e-04
2.335357309668379137e-04
2.436894584001787138e-04
3.604573238835976842e-04
3.401498690169160841e-04
2.132282761001563678e-04
3.147655504335641788e-04
4.975326442336981464e-04
1.929208212334748219e-04
2.589200495501899004e-04
4.264565522003127356e-04
6.599922831671506493e-05
2.030745486668155948e-04
2.030745486668155948e-04
4.061490973336311897e-05
6.092236460004468116e-04
2.183051398168267543e-04
1.523059115001117029e-04
3.401498690169160841e-04
1.776902300834636353e-04
5.076863716670389871e-06
3.249192778669049517e-04
5.279938265337205195e-04
6.549154194504802629e-04
4.366102796336535086e-04
2.995349592835529922e-04
3.604573238835976842e-04
2.487663221168490732e-04
9.899884247507259333e-04
5.330706902503908788e-04
4.061490973336311897e-05
9.646041061673741094e-05
3.147655504335641788e-04
1.878439575168044083e-04
8.173750583839327387e-04
1.726133663667932488e-04
3.706110513169384572e-04
3.959953699002904167e-04
1.929208212334748219e-04
1.929208212334748219e-04
5.076863716670389871e-06
3.249192778669049517e-04
3.959953699002904167e-04
3.706110513169384572e-04
6.549154194504802629e-04
4.112259610503015490e-04
6.244542371504578897e-04
2.233820035334971408e-04
8.326056495339439253e-04
2.944580955668825786e-04
2.132282761001563678e-04
5.026095079503686142e-04
3.299961415835753111e-04
5.330706902503908788e-04
6.092236460004467845e-05
6.295311008671283575e-04
5.076863716670389871e-06
1.929208212334748219e-04
3.655341876002680436e-04
2.792275044168714463e-04
5.330706902503908788e-04
3.959953699002904167e-04
3.858416424669496437e-04
1.015372743334077974e-04
2.538431858335194868e-04
5.584550088337428519e-05
4.315334159169831492e-04
7.361452389172065550e-04
4.467640070669942815e-04
1.979976849501452084e-04
6.599922831671506493e-05
4.112259610503015490e-04
1.979976849501452084e-04
2.792275044168714463e-04
1.827670938001340218e-04
1.979976849501452084e-04
2.944580955668825786e-04
3.249192778669049517e-04
2.843043681335418057e-04
2.538431858335194935e-05
2.233820035334971408e-04
1.370753203501005163e-04
4.721483256503462411e-04
7.412221026338769144e-04
5.279938265337205195e-04
2.132282761001563678e-04
3.706110513169384572e-04
3.858416424669496437e-04
1.624596389334524759e-04
6.346079645837987169e-04
4.416871433503239222e-04
5.076863716670389871e-06
4.416871433503239222e-04
2.081514123834859813e-04
4.569177345003350545e-04
4.873789168003574276e-04
3.756879150336088166e-04
4.213796884836423220e-04
1.015372743334077974e-05
2.335357309668379137e-04
2.843043681335418057e-04
3.858416424669496437e-04
7.919907398005808334e-04
2.639969132668602597e-04
1.167678654834189569e-04
6.092236460004468116e-04
3.503035964502569113e-04
5.076863716670389871e-06
3.553804601669272706e-04
3.452267327335864977e-04
6.244542371504578897e-04
4.772251893670166546e-04
2.995349592835529922e-04
5.229169628170501601e-04
2.538431858335194935e-05
5.330706902503908788e-04
6.599922831671506493e-05
3.198424141502345381e-04
2.843043681335418057e-04
3.553804601669272571e-05
2.081514123834859813e-04
3.350730053002457247e-04
2.233820035334971408e-04
9.189123327173405768e-04
5.939930548504356251e-04
2.538431858335194868e-04
4.416871433503239222e-04
3.807647787502792302e-04
3.756879150336088166e-04
1.472290477834412893e-04
4.213796884836423220e-04
3.858416424669496437e-04
2.893812318502122193e-04
1.776902300834636353e-04
4.518408707836646951e-04
3.858416424669496437e-04
5.279938265337205195e-04
4.010722336169607761e-04
3.858416424669496437e-04
2.183051398168267543e-04
2.741506407002010327e-04
1.015372743334077974e-04
4.264565522003127356e-04
4.467640070669942815e-04
1.015372743334077974e-05
2.944580955668825786e-04
3.604573238835976842e-04
1.573827752167820894e-04
2.233820035334971408e-04
1.523059115001117029e-04
4.670714619336758275e-04
5.584550088337428519e-05
1.726133663667932488e-04
1.066141380500781839e-04
3.553804601669272706e-04
2.893812318502122193e-04
1.116910017667485704e-04
1.015372743334077974e-05
3.198424141502345381e-04
5.584550088337428926e-04
4.163028247669719626e-04
1.827670938001340218e-04
2.589200495501899004e-04
2.386125946835083273e-04
4.569177345003350545e-04
3.655341876002680436e-04
2.436894584001787138e-04
5.076863716670389871e-05
1.370753203501005163e-04
4.569177345003350545e-04
1.929208212334748219e-04
1.167678654834189569e-04
1.929208212334748219e-04
2.944580955668825786e-04
4.264565522003127356e-04
2.284588672501675272e-04
4.315334159169831492e-04
1.066141380500781839e-04
3.706110513169384572e-04
1.421521840667709028e-04
3.858416424669496437e-04
2.995349592835529922e-04
1.726133663667932488e-04
3.553804601669272706e-04
3.198424141502345381e-04
2.995349592835529922e-04
5.076863716670389871e-06
1.573827752167820894e-04
3.807647787502792302e-04
1.218447292000893569e-04
3.756879150336088166e-04
1.726133663667932488e-04
7.615295575005585145e-05
2.436894584001787138e-04
2.944580955668825786e-04
1.015372743334077974e-05
5.076863716670389871e-06
4.721483256503462411e-04
3.249192778669049517e-04
1.878439575168044083e-04
1.015372743334077974e-05
2.436894584001787138e-04
9.646041061673741094e-05
7.107609203338545142e-05
3.299961415835753111e-04
1.370753203501005163e-04
1.776902300834636353e-04
2.893812318502122193e-04
5.076863716670389871e-06
4.467640070669942815e-04
4.619945982170054681e-04
1.573827752167820894e-04
2.183051398168267543e-04
9.087586052839997496e-04
2.030745486668155948e-05
1.319984566334301299e-04
3.046118230002233923e-05
4.061490973336311897e-04
4.061490973336311897e-05
1.523059115001116961e-05
3.909185061836200031e-04
5.584550088337428519e-05
5.076863716670389871e-06
5.076863716670389735e-04
3.858416424669496437e-04
3.046118230002233923e-05
5.635318725504132520e-04
2.843043681335418057e-04
6.752228743171618088e-04
2.589200495501899004e-04
7.564526937838881009e-04
8.935280141339885631e-04
4.569177345003350545e-05
4.467640070669942815e-04
2.132282761001563678e-04
1.167678654834189569e-04
1.015372743334077974e-04
1.421521840667709028e-04
3.147655504335641788e-04
2.893812318502122193e-04
3.046118230002234058e-04
1.066141380500781839e-04
4.315334159169831492e-04
2.436894584001787138e-04
1.726133663667932488e-04
3.249192778669049517e-04
2.233820035334971408e-04
1.167678654834189569e-04
1.116910017667485704e-04
5.076863716670389871e-05
1.523059115001116961e-05
2.132282761001563678e-04
5.076863716670389871e-06
5.584550088337428926e-04
3.401498690169160841e-04
6.549154194504802629e-04
2.183051398168267543e-04
1.726133663667932488e-04
1.319984566334301299e-04
5.076863716670389871e-05
2.995349592835529922e-04
3.858416424669496437e-04
1.929208212334748219e-04
1.726133663667932488e-04
2.386125946835083273e-04
3.553804601669272706e-04
2.436894584001787138e-04
2.183051398168267543e-04
2.843043681335418057e-04
5.584550088337428519e-05
5.787624637004244385e-04
7.107609203338545142e-05
2.893812318502122193e-04
1.929208212334748219e-04
1.116910017667485704e-04
5.076863716670389871e-06
3.909185061836200031e-04
6.701460106004914494e-04
6.599922831671506493e-05
4.416871433503239222e-04
3.350730053002457247e-04
4.873789168003574276e-04
3.503035964502569113e-04
2.944580955668825786e-04
2.589200495501899004e-04
1.472290477834412893e-04
1.472290477834412893e-04
6.041467822837763438e-04
2.183051398168267543e-04
6.143005097171171710e-04
3.604573238835976842e-04
5.381475539670613466e-04
1.675365026501228624e-04
2.030745486668155948e-04
4.315334159169831492e-04
3.909185061836200031e-04
3.655341876002680436e-04
2.335357309668379137e-04
7.107609203338545142e-05
2.386125946835083273e-04
1.827670938001340218e-04
2.639969132668602597e-04
2.995349592835529922e-04
3.604573238835976842e-04
7.107609203338545142e-05
5.076863716670389871e-06
3.046118230002233923e-05
2.589200495501899004e-04
2.639969132668602597e-04
2.436894584001787138e-04
2.843043681335418057e-04
2.030745486668155948e-05
6.092236460004467845e-05
9.646041061673741094e-05
1.370753203501005163e-04
1.929208212334748219e-04
3.096886867168937652e-04
6.599922831671506493e-05
5.076863716670389871e-06
1.726133663667932488e-04
3.604573238835976842e-04
1.726133663667932488e-04
2.639969132668602597e-04
5.076863716670389871e-06
3.909185061836200031e-04
9.646041061673741094e-05
5.584550088337428519e-05
2.741506407002010327e-04
2.183051398168267543e-04
5.076863716670389871e-06
3.909185061836200031e-04
5.076863716670389871e-06
1.472290477834412893e-04
1.116910017667485704e-04
2.132282761001563678e-04
7.209146477671953684e-04
2.995349592835529922e-04
3.553804601669272706e-04
5.076863716670389871e-06
3.299961415835753111e-04
3.299961415835753111e-04
4.315334159169831492e-04
1.472290477834412893e-04
2.487663221168490732e-04
2.538431858335194868e-04
1.675365026501228624e-04
3.198424141502345381e-04
1.421521840667709028e-04
3.959953699002904167e-04
2.386125946835083273e-04
2.284588672501675272e-04
5.076863716670389871e-05
1.523059115001116961e-05
2.081514123834859813e-04
2.944580955668825786e-04
1.421521840667709028e-04
4.569177345003350545e-05
5.381475539670613466e-04
3.198424141502345381e-04
3.756879150336088166e-04
5.889161911337651573e-04
3.452267327335864977e-04
1.827670938001340218e-04
1.675365026501228624e-04
2.081514123834859813e-04
5.076863716670389871e-05
2.690737769835306733e-04
1.624596389334524759e-04
1.015372743334077974e-04
2.030745486668155948e-05
2.284588672501675272e-04
1.878439575168044083e-04
1.675365026501228624e-04
2.030745486668155948e-05
2.538431858335194868e-04
3.909185061836200031e-04
2.183051398168267543e-04
3.553804601669272571e-05
2.843043681335418057e-04
1.573827752167820894e-04
1.523059115001116961e-05
3.198424141502345381e-04
3.807647787502792302e-04
4.213796884836423220e-04
2.639969132668602597e-04
3.909185061836200031e-04
2.284588672501675272e-04
1.979976849501452084e-04
2.944580955668825786e-04
1.319984566334301299e-04
2.893812318502122193e-04
4.518408707836646951e-04
2.843043681335418057e-04
2.386125946835083273e-04
6.092236460004467845e-05
2.081514123834859813e-04
4.975326442336981464e-04
1.523059115001117029e-04
3.147655504335641788e-04
5.076863716670389871e-06
9.138354690006701090e-05
2.386125946835083273e-04
1.116910017667485704e-04
1.523059115001117029e-04
2.081514123834859813e-04
1.726133663667932488e-04
1.421521840667709028e-04
4.061490973336311897e-05
2.030745486668155948e-04
2.843043681335418057e-04
1.929208212334748219e-04
3.452267327335864977e-04
7.107609203338545142e-05
2.944580955668825786e-04
1.421521840667709028e-04
2.132282761001563678e-04
3.198424141502345381e-04
4.315334159169831492e-04
3.553804601669272571e-05
3.756879150336088166e-04
1.370753203501005163e-04
3.503035964502569113e-04
2.081514123834859813e-04
2.639969132668602597e-04
1.015372743334077974e-05
4.823020530836870140e-04
5.584550088337428519e-05
2.995349592835529922e-04
5.076863716670389871e-06
2.030745486668155948e-05
1.370753203501005163e-04
3.046118230002234058e-04
5.432244176837317060e-04
1.776902300834636353e-04
2.132282761001563678e-04
7.615295575005585145e-05
9.646041061673741094e-05
3.046118230002234058e-04
2.284588672501675272e-04
1.319984566334301299e-04
1.167678654834189569e-04
2.944580955668825786e-04
1.573827752167820894e-04
2.386125946835083273e-04
1.370753203501005163e-04
1.370753203501005163e-04
1.827670938001340218e-04
1.827670938001340218e-04
2.436894584001787138e-04
2.183051398168267543e-04
1.624596389334524759e-04
3.807647787502792302e-04
1.624596389334524759e-04
2.589200495501899004e-04
1.015372743334077974e-05
4.061490973336311897e-04
1.573827752167820894e-04
3.503035964502569113e-04
2.741506407002010327e-04
1.066141380500781839e-04
3.299961415835753111e-04
8.630668318339662442e-05
2.589200495501899004e-04
1.421521840667709028e-04
3.604573238835976842e-04
5.076863716670389871e-06
2.487663221168490732e-04
4.264565522003127356e-04
1.624596389334524759e-04
1.776902300834636353e-04
1.015372743334077974e-04
1.066141380500781839e-04
1.269215929167597434e-04
5.076863716670389871e-06
1.929208212334748219e-04
2.741506407002010327e-04
1.776902300834636353e-04
7.107609203338545142e-05
3.046118230002234058e-04
2.690737769835306733e-04
1.116910017667485704e-04
5.076863716670389871e-06
1.319984566334301299e-04
1.523059115001116961e-05
3.401498690169160841e-04
3.096886867168937652e-04
1.116910017667485704e-04
1.269215929167597434e-04
4.569177345003350545e-04
1.573827752167820894e-04
1.675365026501228624e-04
7.615295575005585145e-05
2.030745486668155948e-05
1.726133663667932488e-04
2.233820035334971408e-04
5.076863716670389871e-05
1.015372743334077974e-04
2.639969132668602597e-04
3.401498690169160841e-04
6.092236460004467845e-05
1.523059115001116961e-05
2.132282761001563678e-04
4.264565522003127356e-04
2.081514123834859813e-04
2.639969132668602597e-04
2.233820035334971408e-04
8.630668318339662442e-05
5.584550088337428519e-05
2.030745486668155948e-05
5.584550088337428519e-05
4.010722336169607761e-04
2.335357309668379137e-04
1.421521840667709028e-04
2.183051398168267543e-04
4.569177345003350545e-05
3.858416424669496437e-04
1.979976849501452084e-04
2.995349592835529922e-04
5.076863716670389871e-06
7.107609203338545142e-05
3.604573238835976842e-04
1.776902300834636353e-04
1.015372743334077974e-05
2.741506407002010327e-04
5.584550088337428519e-05
4.315334159169831492e-04
2.741506407002010327e-04
7.615295575005585145e-05
5.076863716670389871e-06
2.538431858335194935e-05
1.573827752167820894e-04
5.076863716670389871e-06
1.421521840667709028e-04
1.066141380500781839e-04
2.335357309668379137e-04
2.741506407002010327e-04
4.518408707836646951e-04
2.893812318502122193e-04
8.122981946672623793e-05
3.046118230002233923e-05
1.573827752167820894e-04
1.421521840667709028e-04
3.553804601669272571e-05
1.218447292000893569e-04
1.827670938001340218e-04
4.366102796336535086e-04
2.183051398168267543e-04
1.523059115001116961e-05
1.523059115001117029e-04
7.107609203338545142e-05
2.081514123834859813e-04
1.116910017667485704e-04
1.523059115001116961e-05
3.503035964502569113e-04
5.076863716670389871e-05
2.639969132668602597e-04
5.381475539670613466e-04
1.269215929167597434e-04
1.167678654834189569e-04
5.584550088337428519e-05
1.523059115001117029e-04
5.076863716670389871e-06
3.553804601669272571e-05
3.959953699002904167e-04
1.827670938001340218e-04
1.319984566334301299e-04
2.893812318502122193e-04
4.975326442336981464e-04
3.553804601669272571e-05
1.523059115001117029e-04
1.167678654834189569e-04
2.132282761001563678e-04
3.249192778669049517e-04
2.487663221168490732e-04
1.066141380500781839e-04
2.893812318502122193e-04
1.827670938001340218e-04
1.370753203501005163e-04
2.183051398168267543e-04
1.929208212334748219e-04
3.807647787502792302e-04
4.569177345003350545e-05
4.264565522003127356e-04
1.421521840667709028e-04
2.030745486668155948e-04
1.269215929167597434e-04
3.452267327335864977e-04
1.523059115001117029e-04
6.092236460004467845e-05
1.929208212334748219e-04
7.107609203338545142e-05
1.929208212334748219e-04
2.436894584001787138e-04
5.076863716670389871e-05
5.076863716670389871e-06
1.573827752167820894e-04
1.066141380500781839e-04
1.269215929167597434e-04
1.827670938001340218e-04
2.538431858335194935e-05
2.639969132668602597e-04
2.030745486668155948e-04
1.624596389334524759e-04
2.132282761001563678e-04
1.269215929167597434e-04
3.756879150336088166e-04
1.675365026501228624e-04
3.046118230002233923e-05
1.015372743334077974e-05
1.116910017667485704e-04
7.615295575005585145e-05
5.076863716670389871e-05
1.269215929167597434e-04
7.615295575005585145e-05
3.503035964502569113e-04
1.116910017667485704e-04
5.584550088337428519e-05
6.599922831671506493e-05
1.726133663667932488e-04
1.116910017667485704e-04
2.538431858335194935e-05
1.573827752167820894e-04
5.076863716670389871e-05
4.569177345003350545e-05
1.624596389334524759e-04
2.183051398168267543e-04
2.843043681335418057e-04
1.015372743334077974e-04
2.639969132668602597e-04
3.147655504335641788e-04
2.843043681335418057e-04
1.979976849501452084e-04
1.319984566334301299e-04
1.675365026501228624e-04
9.646041061673741094e-05
2.893812318502122193e-04
7.615295575005585145e-05
2.538431858335194935e-05
2.843043681335418057e-04
2.893812318502122193e-04
1.015372743334077974e-04
1.776902300834636353e-04
4.772251893670166546e-04
5.076863716670389871e-06
1.827670938001340218e-04
5.076863716670389871e-06
2.030745486668155948e-05
1.015372743334077974e-05
2.183051398168267543e-04
8.122981946672623793e-05
1.421521840667709028e-04
1.878439575168044083e-04
1.015372743334077974e-04
3.096886867168937652e-04
9.138354690006701090e-05
2.284588672501675272e-04
1.116910017667485704e-04
8.630668318339662442e-05
2.335357309668379137e-04
1.167678654834189569e-04
2.284588672501675272e-04
2.132282761001563678e-04
3.046118230002233923e-05
5.076863716670389871e-06
1.929208212334748219e-04
1.066141380500781839e-04
3.604573238835976842e-04
5.076863716670389871e-05
1.015372743334077974e-04
3.553804601669272571e-05
1.421521840667709028e-04
1.421521840667709028e-04
1.624596389334524759e-04
5.432244176837317060e-04
1.776902300834636353e-04
2.843043681335418057e-04
2.792275044168714463e-04
1.015372743334077974e-04
7.615295575005585145e-05
5.076863716670389871e-06
2.893812318502122193e-04
7.615295575005585145e-05
5.584550088337428519e-05
2.893812318502122193e-04
1.573827752167820894e-04
1.421521840667709028e-04
6.092236460004467845e-05
1.421521840667709028e-04
1.624596389334524759e-04
3.046118230002233923e-05
9.138354690006701090e-05
8.122981946672623793e-05
7.615295575005585145e-05
2.030745486668155948e-05
1.827670938001340218e-04
1.523059115001117029e-04
2.843043681335418057e-04
1.776902300834636353e-04
5.076863716670389871e-06
1.167678654834189569e-04
1.827670938001340218e-04
1.624596389334524759e-04
7.615295575005585145e-05
1.827670938001340218e-04
2.030745486668155948e-04
8.122981946672623793e-05
2.843043681335418057e-04
4.061490973336311897e-05
1.370753203501005163e-04
4.569177345003350545e-05
7.615295575005585145e-05
1.726133663667932488e-04
2.233820035334971408e-04
1.015372743334077974e-05
5.076863716670389871e-06
9.646041061673741094e-05
1.015372743334077974e-05
2.843043681335418057e-04
1.015372743334077974e-05
1.675365026501228624e-04
1.015372743334077974e-05
1.066141380500781839e-04
1.523059115001116961e-05
5.076863716670389871e-06
1.421521840667709028e-04
2.284588672501675272e-04
2.538431858335194868e-04
8.630668318339662442e-05
2.487663221168490732e-04
2.843043681335418057e-04
1.472290477834412893e-04
1.726133663667932488e-04
3.147655504335641788e-04
4.772251893670166546e-04
2.386125946835083273e-04
2.995349592835529922e-04
9.138354690006701090e-05
2.233820035334971408e-04
2.183051398168267543e-04
1.370753203501005163e-04
1.421521840667709028e-04
9.138354690006701090e-05
2.487663221168490732e-04
2.233820035334971408e-04
1.726133663667932488e-04
2.436894584001787138e-04
2.436894584001787138e-04
2.081514123834859813e-04
2.843043681335418057e-04
1.319984566334301299e-04
2.132282761001563678e-04
7.615295575005585145e-05
9.138354690006701090e-05
7.615295575005585145e-05
3.553804601669272571e-05
3.604573238835976842e-04
2.538431858335194935e-05
1.167678654834189569e-04
2.030745486668155948e-05
1.523059115001116961e-05
2.741506407002010327e-04
1.827670938001340218e-04
1.370753203501005163e-04
1.726133663667932488e-04
5.076863716670389871e-05
1.167678654834189569e-04
1.675365026501228624e-04
2.792275044168714463e-04
2.792275044168714463e-04
6.599922831671506493e-05
2.183051398168267543e-04
5.076863716670389871e-05
2.538431858335194935e-05
1.523059115001116961e-05
1.015372743334077974e-04
1.015372743334077974e-05
2.030745486668155948e-05
1.523059115001117029e-04
1.675365026501228624e-04
1.624596389334524759e-04
5.076863716670389871e-06
2.183051398168267543e-04
5.584550088337428519e-05
1.269215929167597434e-04
1.066141380500781839e-04
2.639969132668602597e-04
2.335357309668379137e-04
5.076863716670389871e-06
9.138354690006701090e-05
1.218447292000893569e-04
2.030745486668155948e-05
2.183051398168267543e-04
1.218447292000893569e-04
1.370753203501005163e-04
2.639969132668602597e-04
4.569177345003350545e-05
4.061490973336311897e-05
2.538431858335194935e-05
3.046118230002234058e-04
2.538431858335194868e-04
1.015372743334077974e-04
1.827670938001340218e-04
1.523059115001116961e-05
2.030745486668155948e-05
4.569177345003350545e-05
1.523059115001116961e-05
5.076863716670389871e-05
2.030745486668155948e-04
3.452267327335864977e-04
3.655341876002680436e-04
1.675365026501228624e-04
1.624596389334524759e-04
3.553804601669272571e-05
1.218447292000893569e-04
1.726133663667932488e-04
1.167678654834189569e-04
1.015372743334077974e-05
5.584550088337428519e-05
7.615295575005585145e-05
3.706110513169384572e-04
1.421521840667709028e-04
5.584550088337428519e-05
1.015372743334077974e-05
1.523059115001116961e-05
1.421521840667709028e-04
4.061490973336311897e-05
5.076863716670389871e-05
9.646041061673741094e-05
2.741506407002010327e-04
2.436894584001787138e-04
2.690737769835306733e-04
1.370753203501005163e-04
5.076863716670389871e-06
1.827670938001340218e-04
1.218447292000893569e-04
5.076863716670389871e-06
4.569177345003350545e-05
2.741506407002010327e-04
3.553804601669272571e-05
1.167678654834189569e-04
9.138354690006701090e-05
5.076863716670389871e-06
1.573827752167820894e-04
1.827670938001340218e-04
6.092236460004467845e-05
3.807647787502792302e-04
8.122981946672623793e-05
6.092236460004467845e-05
2.183051398168267543e-04
9.138354690006701090e-05
1.929208212334748219e-04
1.218447292000893569e-04
3.046118230002233923e-05
1.523059115001116961e-05
1.523059115001116961e-05
2.030745486668155948e-05
1.116910017667485704e-04
5.076863716670389871e-06
2.487663221168490732e-04
4.569177345003350545e-05
1.523059115001117029e-04
7.107609203338545142e-05
3.046118230002233923e-05
2.132282761001563678e-04
2.792275044168714463e-04
1.269215929167597434e-04
5.584550088337428519e-05
3.249192778669049517e-04
2.843043681335418057e-04
1.523059115001117029e-04
1.675365026501228624e-04
4.569177345003350545e-05
5.076863716670389871e-05
5.076863716670389871e-06
9.138354690006701090e-05
2.487663221168490732e-04
1.421521840667709028e-04
5.584550088337428519e-05
1.726133663667932488e-04
6.599922831671506493e-05
1.624596389334524759e-04
1.421521840667709028e-04
8.122981946672623793e-05
6.092236460004467845e-05
2.233820035334971408e-04
6.092236460004467845e-05
5.076863716670389871e-05
5.076863716670389871e-06
2.487663221168490732e-04
1.269215929167597434e-04
6.092236460004467845e-05
2.030745486668155948e-05
9.646041061673741094e-05
4.061490973336311897e-05
5.076863716670389871e-06
1.370753203501005163e-04
1.472290477834412893e-04
8.122981946672623793e-05
2.030745486668155948e-05
2.284588672501675272e-04
5.076863716670389871e-06
8.630668318339662442e-05
2.132282761001563678e-04
2.995349592835529922e-04
7.615295575005585145e-05
3.046118230002233923e-05
4.112259610503015490e-04
1.675365026501228624e-04
8.122981946672623793e-05
2.386125946835083273e-04
4.315334159169831492e-04
1.015372743334077974e-04
1.878439575168044083e-04
1.015372743334077974e-05
3.553804601669272571e-05
3.198424141502345381e-04
3.909185061836200031e-04
1.624596389334524759e-04
2.183051398168267543e-04
2.995349592835529922e-04
1.015372743334077974e-05
2.386125946835083273e-04
5.584550088337428519e-05
1.167678654834189569e-04
9.138354690006701090e-05
8.630668318339662442e-05
1.776902300834636353e-04
8.630668318339662442e-05
4.569177345003350545e-05
1.319984566334301299e-04
8.630668318339662442e-05
1.472290477834412893e-04
3.553804601669272571e-05
5.076863716670389871e-06
3.553804601669272571e-05
1.116910017667485704e-04
4.569177345003350545e-05
2.284588672501675272e-04
2.030745486668155948e-05
7.107609203338545142e-05
4.061490973336311897e-05
4.112259610503015490e-04
5.584550088337428519e-05
5.584550088337428519e-05
5.076863716670389871e-06
8.122981946672623793e-05
5.076863716670389871e-05
6.092236460004467845e-05
9.138354690006701090e-05
7.615295575005585145e-05
2.233820035334971408e-04
1.370753203501005163e-04
1.066141380500781839e-04
2.538431858335194935e-05
1.116910017667485704e-04
6.599922831671506493e-05
1.167678654834189569e-04
1.523059115001116961e-05
1.116910017667485704e-04
1.776902300834636353e-04
2.030745486668155948e-04
2.233820035334971408e-04
1.675365026501228624e-04
1.319984566334301299e-04
5.076863716670389871e-06
4.061490973336311897e-05
2.081514123834859813e-04
2.030745486668155948e-05
1.472290477834412893e-04
5.076863716670389871e-06
7.107609203338545142e-05
9.646041061673741094e-05
4.569177345003350545e-05
2.233820035334971408e-04
1.827670938001340218e-04
5.584550088337428519e-05
1.015372743334077974e-05
3.046118230002233923e-05
2.792275044168714463e-04
2.284588672501675272e-04
8.630668318339662442e-05
1.015372743334077974e-05
1.624596389334524759e-04
1.929208212334748219e-04
8.630668318339662442e-05
1.472290477834412893e-04
9.138354690006701090e-05
9.646041061673741094e-05
2.538431858335194935e-05
1.370753203501005163e-04
3.452267327335864977e-04
5.076863716670389871e-06
7.107609203338545142e-05
1.523059115001116961e-05
1.370753203501005163e-04
2.538431858335194935e-05
2.995349592835529922e-04
7.615295575005585145e-05
1.675365026501228624e-04
1.523059115001117029e-04
1.167678654834189569e-04
5.076863716670389871e-05
2.589200495501899004e-04
1.827670938001340218e-04
4.569177345003350545e-05
3.046118230002233923e-05
2.436894584001787138e-04
1.979976849501452084e-04
1.269215929167597434e-04
2.183051398168267543e-04
1.167678654834189569e-04
4.569177345003350545e-05
2.995349592835529922e-04
1.269215929167597434e-04
1.472290477834412893e-04
1.523059115001116961e-05
1.015372743334077974e-05
1.523059115001116961e-05
1.116910017667485704e-04
9.138354690006701090e-05
1.015372743334077974e-05
1.726133663667932488e-04
2.741506407002010327e-04
2.030745486668155948e-05
1.675365026501228624e-04
1.218447292000893569e-04
5.584550088337428519e-05
4.061490973336311897e-05
1.015372743334077974e-05
3.553804601669272571e-05
6.092236460004467845e-05
5.584550088337428519e-05
6.092236460004467845e-05
4.569177345003350545e-05
2.944580955668825786e-04
5.076863716670389871e-06
2.690737769835306733e-04
1.269215929167597434e-04
1.523059115001116961e-05
1.015372743334077974e-05
9.138354690006701090e-05
9.138354690006701090e-05
1.523059115001117029e-04
1.015372743334077974e-05
5.076863716670389871e-06
8.630668318339662442e-05
8.630668318339662442e-05
2.030745486668155948e-04
1.624596389334524759e-04
1.167678654834189569e-04
9.646041061673741094e-05
1.523059115001117029e-04
1.066141380500781839e-04
1.015372743334077974e-05
8.630668318339662442e-05
2.183051398168267543e-04
3.350730053002457247e-04
2.843043681335418057e-04
1.573827752167820894e-04
1.878439575168044083e-04
2.538431858335194935e-05
2.639969132668602597e-04
1.726133663667932488e-04
4.061490973336311897e-05
3.350730053002457247e-04
2.030745486668155948e-04
9.646041061673741094e-05
6.092236460004467845e-05
1.015372743334077974e-05
2.487663221168490732e-04
1.218447292000893569e-04
5.076863716670389871e-06
2.538431858335194868e-04
3.147655504335641788e-04
7.615295575005585145e-05
4.061490973336311897e-05
1.675365026501228624e-04
2.030745486668155948e-05
8.122981946672623793e-05
3.046118230002233923e-05
2.639969132668602597e-04
8.630668318339662442e-05
7.615295575005585145e-05
1.573827752167820894e-04
2.893812318502122193e-04
3.299961415835753111e-04
8.630668318339662442e-05
8.630668318339662442e-05
5.076863716670389871e-06
3.503035964502569113e-04
3.553804601669272571e-05
1.776902300834636353e-04
1.269215929167597434e-04
1.979976849501452084e-04
3.046118230002234058e-04
1.015372743334077974e-04
2.538431858335194935e-05
9.646041061673741094e-05
7.107609203338545142e-05
6.092236460004467845e-05
1.167678654834189569e-04
2.436894584001787138e-04
7.615295575005585145e-05
8.630668318339662442e-05
5.076863716670389871e-06
5.076863716670389871e-06
1.015372743334077974e-04
3.046118230002233923e-05
1.370753203501005163e-04
1.827670938001340218e-04
1.472290477834412893e-04
3.046118230002233923e-05
1.370753203501005163e-04
7.107609203338545142e-05
1.269215929167597434e-04
7.107609203338545142e-05
1.370753203501005163e-04
1.015372743334077974e-04
1.929208212334748219e-04
2.386125946835083273e-04
1.269215929167597434e-04
3.350730053002457247e-04
1.116910017667485704e-04
6.092236460004467845e-05
3.046118230002233923e-05
1.319984566334301299e-04
1.269215929167597434e-04
5.076863716670389871e-06
2.843043681335418057e-04
2.690737769835306733e-04
4.061490973336311897e-05
4.061490973336311897e-05
1.979976849501452084e-04
6.092236460004467845e-05
5.076863716670389871e-05
2.538431858335194935e-05
2.589200495501899004e-04
3.096886867168937652e-04
4.569177345003350545e-05
7.107609203338545142e-05
1.370753203501005163e-04
2.030745486668155948e-05
1.269215929167597434e-04
3.249192778669049517e-04
1.066141380500781839e-04
3.452267327335864977e-04
1.370753203501005163e-04
5.076863716670389871e-06
1.523059115001117029e-04
5.076863716670389871e-05
3.553804601669272571e-05
4.061490973336311897e-05
4.569177345003350545e-05
1.015372743334077974e-05
1.218447292000893569e-04
1.015372743334077974e-05
1.573827752167820894e-04
1.015372743334077974e-04
3.046118230002233923e-05
1.116910017667485704e-04
4.569177345003350545e-05
5.076863716670389871e-05
1.624596389334524759e-04
9.646041061673741094e-05
9.138354690006701090e-05
1.319984566334301299e-04
1.015372743334077974e-05
5.584550088337428519e-05
3.046118230002233923e-05
2.741506407002010327e-04
6.092236460004467845e-05
6.599922831671506493e-05
1.523059115001116961e-05
7.107609203338545142e-05
7.107609203338545142e-05
5.076863716670389871e-05
2.030745486668155948e-05
4.061490973336311897e-05
5.076863716670389871e-06
2.030745486668155948e-04
4.569177345003350545e-05
6.599922831671506493e-05
2.030745486668155948e-05
5.076863716670389871e-06
1.878439575168044083e-04
1.726133663667932488e-04
1.319984566334301299e-04
1.370753203501005163e-04
5.076863716670389871e-06
3.046118230002233923e-05
2.233820035334971408e-04
2.030745486668155948e-04
4.061490973336311897e-05
5.076863716670389871e-06
8.630668318339662442e-05
1.269215929167597434e-04
1.116910017667485704e-04
2.893812318502122193e-04
1.472290477834412893e-04
5.584550088337428519e-05
1.878439575168044083e-04
5.584550088337428519e-05
5.076863716670389871e-06
1.523059115001116961e-05
8.122981946672623793e-05
1.116910017667485704e-04
2.030745486668155948e-05
2.690737769835306733e-04
5.584550088337428519e-05
1.624596389334524759e-04
1.269215929167597434e-04
5.076863716670389871e-06
1.523059115001117029e-04
1.370753203501005163e-04
1.472290477834412893e-04
5.076863716670389871e-06
1.370753203501005163e-04
2.893812318502122193e-04
4.061490973336311897e-05
1.573827752167820894e-04
5.076863716670389871e-06
3.046118230002233923e-05
8.122981946672623793e-05
5.076863716670389871e-06
1.015372743334077974e-05
1.015372743334077974e-05
5.076863716670389871e-06
2.487663221168490732e-04
9.138354690006701090e-05
1.878439575168044083e-04
1.319984566334301299e-04
1.319984566334301299e-04
8.122981946672623793e-05
4.569177345003350545e-05
5.584550088337428519e-05
7.615295575005585145e-05
9.646041061673741094e-05
1.523059115001117029e-04
4.569177345003350545e-05
1.370753203501005163e-04
5.076863716670389871e-06
1.066141380500781839e-04
1.675365026501228624e-04
5.584550088337428519e-05
5.076863716670389871e-05
1.776902300834636353e-04
5.076863716670389871e-06
4.061490973336311897e-05
5.584550088337428519e-05
3.553804601669272571e-05
4.569177345003350545e-05
5.076863716670389871e-06
3.046118230002233923e-05
1.015372743334077974e-05
7.107609203338545142e-05
6.599922831671506493e-05
3.046118230002233923e-05
5.076863716670389871e-06
1.319984566334301299e-04
8.122981946672623793e-05
1.421521840667709028e-04
5.076863716670389871e-06
9.138354690006701090e-05
9.646041061673741094e-05
6.092236460004467845e-05
3.553804601669272571e-05
5.076863716670389871e-05
1.979976849501452084e-04
1.929208212334748219e-04
1.726133663667932488e-04
1.066141380500781839e-04
2.893812318502122193e-04
2.893812318502122193e-04
1.472290477834412893e-04
2.335357309668379137e-04
7.615295575005585145e-05
4.569177345003350545e-05
5.076863716670389871e-06
2.132282761001563678e-04
3.553804601669272571e-05
1.167678654834189569e-04
1.370753203501005163e-04
5.076863716670389871e-06
1.015372743334077974e-05
5.076863716670389871e-06
2.030745486668155948e-05
1.167678654834189569e-04
4.569177345003350545e-05
5.076863716670389871e-06
7.615295575005585145e-05
1.726133663667932488e-04
9.646041061673741094e-05
1.066141380500781839e-04
1.523059115001116961e-05
1.776902300834636353e-04
2.538431858335194935e-05
6.092236460004467845e-05
6.092236460004467845e-05
4.061490973336311897e-05
1.015372743334077974e-05
9.138354690006701090e-05
1.979976849501452084e-04
5.076863716670389871e-06
2.639969132668602597e-04
2.538431858335194935e-05
1.167678654834189569e-04
5.584550088337428519e-05
5.584550088337428519e-05
5.076863716670389871e-06
1.218447292000893569e-04
6.092236460004467845e-05
1.827670938001340218e-04
1.015372743334077974e-04
7.615295575005585145e-05
1.015372743334077974e-05
5.076863716670389871e-05
2.386125946835083273e-04
1.269215929167597434e-04
1.218447292000893569e-04
1.523059115001116961e-05
1.776902300834636353e-04
1.929208212334748219e-04
1.523059115001116961e-05
5.584550088337428519e-05
2.030745486668155948e-04
5.076863716670389871e-06
1.066141380500781839e-04
5.076863716670389871e-05
1.269215929167597434e-04
3.046118230002233923e-05
8.630668318339662442e-05
2.538431858335194935e-05
5.076863716670389871e-05
2.030745486668155948e-05
6.599922831671506493e-05
1.573827752167820894e-04
5.076863716670389871e-06
1.675365026501228624e-04
8.630668318339662442e-05
4.061490973336311897e-05
5.076863716670389871e-06
5.076863716670389871e-06
1.066141380500781839e-04
1.218447292000893569e-04
1.523059115001116961e-05
1.218447292000893569e-04
1.675365026501228624e-04
6.599922831671506493e-05
1.066141380500781839e-04
3.046118230002233923e-05
1.523059115001116961e-05
5.076863716670389871e-06
1.421521840667709028e-04
2.538431858335194935e-05
1.624596389334524759e-04
1.675365026501228624e-04
6.092236460004467845e-05
2.132282761001563678e-04
1.827670938001340218e-04
8.122981946672623793e-05
9.646041061673741094e-05
1.675365026501228624e-04
6.599922831671506493e-05
9.646041061673741094e-05
2.030745486668155948e-05
1.015372743334077974e-04
2.538431858335194868e-04
1.066141380500781839e-04
5.076863716670389871e-06
1.116910017667485704e-04
3.046118230002233923e-05
3.198424141502345381e-04
1.624596389334524759e-04
4.569177345003350545e-05
5.076863716670389871e-06
1.066141380500781839e-04
1.827670938001340218e-04
1.523059115001116961e-05
3.553804601669272571e-05
5.076863716670389871e-05
5.076863716670389871e-06
9.138354690006701090e-05
1.015372743334077974e-05
9.138354690006701090e-05
1.116910017667485704e-04
5.584550088337428519e-05
5.076863716670389871e-06
1.116910017667485704e-04
5.076863716670389871e-06
1.979976849501452084e-04
1.878439575168044083e-04
1.726133663667932488e-04
1.167678654834189569e-04
8.122981946672623793e-05
2.538431858335194935e-05
4.061490973336311897e-05
1.319984566334301299e-04
2.030745486668155948e-05
4.061490973336311897e-05
9.646041061673741094e-05
5.076863716670389871e-06
1.015372743334077974e-04
2.538431858335194935e-05
2.538431858335194935e-05
6.092236460004467845e-05
2.030745486668155948e-05
1.421521840667709028e-04
2.538431858335194935e-05
5.076863716670389871e-06
7.615295575005585145e-05
8.630668318339662442e-05
4.061490973336311897e-05
7.615295575005585145e-05
8.122981946672623793e-05
6.092236460004467845e-05
2.132282761001563678e-04
1.116910017667485704e-04
8.122981946672623793e-05
6.599922831671506493e-05
4.569177345003350545e-05
1.523059115001117029e-04
4.569177345003350545e-05
1.015372743334077974e-05
1.827670938001340218e-04
5.584550088337428519e-05
2.335357309668379137e-04
1.421521840667709028e-04
1.370753203501005163e-04
1.370753203501005163e-04
1.573827752167820894e-04
4.061490973336311897e-05
9.138354690006701090e-05
1.929208212334748219e-04
1.421521840667709028e-04
3.553804601669272571e-05
2.030745486668155948e-05
5.076863716670389871e-05
5.076863716670389871e-06
1.015372743334077974e-04
5.076863716670389871e-06
9.138354690006701090e-05
1.421521840667709028e-04
1.523059115001116961e-05
1.624596389334524759e-04
3.553804601669272571e-05
2.081514123834859813e-04
3.553804601669272571e-05
2.030745486668155948e-05
1.269215929167597434e-04
1.370753203501005163e-04
1.726133663667932488e-04
7.615295575005585145e-05
2.030745486668155948e-05
1.523059115001116961e-05
1.370753203501005163e-04
5.584550088337428519e-05
1.015372743334077974e-05
5.076863716670389871e-06
5.076863716670389871e-06
1.319984566334301299e-04
2.030745486668155948e-04
7.615295575005585145e-05
1.319984566334301299e-04
1.979976849501452084e-04
2.183051398168267543e-04
1.116910017667485704e-04
4.061490973336311897e-05
5.076863716670389871e-06
1.523059115001116961e-05
5.076863716670389871e-06
9.138354690006701090e-05
2.538431858335194935e-05
5.076863716670389871e-06
1.523059115001116961e-05
1.523059115001117029e-04
6.092236460004467845e-05
2.538431858335194935e-05
5.584550088337428519e-05
1.218447292000893569e-04
5.076863716670389871e-06
1.573827752167820894e-04
1.218447292000893569e-04
5.076863716670389871e-06
1.776902300834636353e-04
8.630668318339662442e-05
5.076863716670389871e-06
1.269215929167597434e-04
1.827670938001340218e-04
4.061490973336311897e-05
4.061490973336311897e-05
6.092236460004467845e-05
1.269215929167597434e-04
4.569177345003350545e-05
7.107609203338545142e-05
1.218447292000893569e-04
2.030745486668155948e-05
5.076863716670389871e-06
7.107609203338545142e-05
1.370753203501005163e-04
5.584550088337428519e-05
1.066141380500781839e-04
3.046118230002233923e-05
8.630668318339662442e-05
1.523059115001116961e-05
3.046118230002233923e-05
7.615295575005585145e-05
7.107609203338545142e-05
9.138354690006701090e-05
3.553804601669272571e-05
1.929208212334748219e-04
1.319984566334301299e-04
4.061490973336311897e-05
5.076863716670389871e-06
8.630668318339662442e-05
9.646041061673741094e-05
6.092236460004467845e-05
3.046118230002233923e-05
1.675365026501228624e-04
5.584550088337428519e-05
7.107609203338545142e-05
3.046118230002233923e-05
5.076863716670389871e-06
5.076863716670389871e-06
1.015372743334077974e-05
3.046118230002233923e-05
4.061490973336311897e-05
3.046118230002233923e-05
2.030745486668155948e-05
2.538431858335194935e-05
7.615295575005585145e-05
1.776902300834636353e-04
5.584550088337428519e-05
9.646041061673741094e-05
3.046118230002233923e-05
9.646041061673741094e-05
1.878439575168044083e-04
5.076863716670389871e-06
8.630668318339662442e-05
1.776902300834636353e-04
2.335357309668379137e-04
9.138354690006701090e-05
9.138354690006701090e-05
1.523059115001117029e-04
2.538431858335194935e-05
5.076863716670389871e-06
1.370753203501005163e-04
2.538431858335194935e-05
5.584550088337428519e-05
1.218447292000893569e-04
5.076863716670389871e-06
4.061490973336311897e-05
3.553804601669272571e-05
1.370753203501005163e-04
5.076863716670389871e-06
1.269215929167597434e-04
1.929208212334748219e-04
6.092236460004467845e-05
1.979976849501452084e-04
5.584550088337428519e-05
1.523059115001116961e-05
5.076863716670389871e-06
1.979976849501452084e-04
5.076863716670389871e-06
6.599922831671506493e-05
5.076863716670389871e-06
7.107609203338545142e-05
6.599922831671506493e-05
4.061490973336311897e-05
5.076863716670389871e-06
5.076863716670389871e-05
1.979976849501452084e-04
1.675365026501228624e-04
1.269215929167597434e-04
1.116910017667485704e-04
1.523059115001116961e-05
5.584550088337428519e-05
5.076863716670389871e-05
6.092236460004467845e-05
2.386125946835083273e-04
8.122981946672623793e-05
1.015372743334077974e-05
2.538431858335194935e-05
1.116910017667485704e-04
1.015372743334077974e-05
4.061490973336311897e-05
4.569177345003350545e-05
5.076863716670389871e-05
1.827670938001340218e-04
7.107609203338545142e-05
9.138354690006701090e-05
6.599922831671506493e-05
5.076863716670389871e-06
6.599922831671506493e-05
3.046118230002233923e-05
1.066141380500781839e-04
3.553804601669272571e-05
2.538431858335194935e-05
1.370753203501005163e-04
6.092236460004467845e-05
3.046118230002233923e-05
6.092236460004467845e-05
5.076863716670389871e-06
5.076863716670389871e-06
1.370753203501005163e-04
9.646041061673741094e-05
1.878439575168044083e-04
1.218447292000893569e-04
6.599922831671506493e-05
5.076863716670389871e-06
1.776902300834636353e-04
5.584550088337428519e-05
7.107609203338545142e-05
4.569177345003350545e-05
8.630668318339662442e-05
8.630668318339662442e-05
7.615295575005585145e-05
6.599922831671506493e-05
1.015372743334077974e-05
3.553804601669272571e-05
5.076863716670389871e-06
1.421521840667709028e-04
5.584550088337428519e-05
3.553804601669272571e-05
1.066141380500781839e-04
1.269215929167597434e-04
1.573827752167820894e-04
8.630668318339662442e-05
3.553804601669272571e-05
3.046118230002233923e-05
1.776902300834636353e-04
5.584550088337428519e-05
5.076863716670389871e-05
4.061490973336311897e-05
5.584550088337428519e-05
5.076863716670389871e-06
1.319984566334301299e-04
5.076863716670389871e-05
6.599922831671506493e-05
8.630668318339662442e-05
2.487663221168490732e-04
8.630668318339662442e-05
1.827670938001340218e-04
4.061490973336311897e-05
1.523059115001116961e-05
4.061490973336311897e-05
5.076863716670389871e-06
4.569177345003350545e-05
5.076863716670389871e-06
2.538431858335194935e-05
1.015372743334077974e-05
4.569177345003350545e-05
1.523059115001116961e-05
1.015372743334077974e-05
2.030745486668155948e-05
1.523059115001116961e-05
2.538431858335194935e-05
8.630668318339662442e-05
1.370753203501005163e-04
1.015372743334077974e-05
5.076863716670389871e-06
6.599922831671506493e-05
1.523059115001117029e-04
3.046118230002233923e-05
2.030745486668155948e-05
5.584550088337428519e-05
2.030745486668155948e-05
1.624596389334524759e-04
7.615295575005585145e-05
1.675365026501228624e-04
3.553804601669272571e-05
5.076863716670389871e-06
5.076863716670389871e-06
2.030745486668155948e-05
1.319984566334301299e-04
4.569177345003350545e-05
1.523059115001116961e-05
6.092236460004467845e-05
5.076863716670389871e-06
4.569177345003350545e-05
8.122981946672623793e-05
7.107609203338545142e-05
1.624596389334524759e-04
5.076863716670389871e-06
6.092236460004467845e-05
5.076863716670389871e-06
5.076863716670389871e-05
9.138354690006701090e-05
1.015372743334077974e-05
1.015372743334077974e-05
1.015372743334077974e-05
9.646041061673741094e-05
1.523059115001117029e-04
1.523059115001116961e-05
6.092236460004467845e-05
3.046118230002233923e-05
9.646041061673741094e-05
6.092236460004467845e-05
5.076863716670389871e-06
6.092236460004467845e-05
2.538431858335194935e-05
7.615295575005585145e-05
5.076863716670389871e-06
1.015372743334077974e-05
9.646041061673741094e-05
8.630668318339662442e-05
2.081514123834859813e-04
1.167678654834189569e-04
5.076863716670389871e-06
1.370753203501005163e-04
5.076863716670389871e-06
6.599922831671506493e-05
4.061490973336311897e-05
7.615295575005585145e-05
7.107609203338545142e-05
5.076863716670389871e-06
1.015372743334077974e-05
1.624596389334524759e-04
5.076863716670389871e-06
5.076863716670389871e-06
4.569177345003350545e-05
5.076863716670389871e-06
1.015372743334077974e-04
3.046118230002233923e-05
2.030745486668155948e-05
4.061490973336311897e-05
6.599922831671506493e-05
5.076863716670389871e-06
8.630668318339662442e-05
1.523059115001116961e-05
6.599922831671506493e-05
1.827670938001340218e-04
6.092236460004467845e-05
5.076863716670389871e-06
6.092236460004467845e-05
2.538431858335194935e-05
1.066141380500781839e-04
8.630668318339662442e-05
1.015372743334077974e-05
1.979976849501452084e-04
3.046118230002233923e-05
5.076863716670389871e-05
3.553804601669272571e-05
6.599922831671506493e-05
5.076863716670389871e-05
1.319984566334301299e-04
1.015372743334077974e-05
5.076863716670389871e-06
2.386125946835083273e-04
2.081514123834859813e-04
1.472290477834412893e-04
7.615295575005585145e-05
1.269215929167597434e-04
7.615295575005585145e-05
5.076863716670389871e-06
8.630668318339662442e-05
5.076863716670389871e-06
3.046118230002233923e-05
7.107609203338545142e-05
8.630668318339662442e-05
1.624596389334524759e-04
2.538431858335194935e-05
8.630668318339662442e-05
5.584550088337428519e-05
6.599922831671506493e-05
5.584550088337428519e-05
1.624596389334524759e-04
5.076863716670389871e-05
9.138354690006701090e-05
2.386125946835083273e-04
8.122981946672623793e-05
6.599922831671506493e-05
1.218447292000893569e-04
1.269215929167597434e-04
1.675365026501228624e-04
2.183051398168267543e-04
1.472290477834412893e-04
8.122981946672623793e-05
4.569177345003350545e-05
1.218447292000893569e-04
6.092236460004467845e-05
5.076863716670389871e-06
5.584550088337428519e-05
3.046118230002233923e-05
9.646041061673741094e-05
3.553804601669272571e-05
3.553804601669272571e-05
1.015372743334077974e-05
1.421521840667709028e-04
5.076863716670389871e-06
1.015372743334077974e-04
2.538431858335194935e-05
1.523059115001116961e-05
5.076863716670389871e-06
4.061490973336311897e-05
5.584550088337428519e-05
7.107609203338545142e-05
5.584550088337428519e-05
1.319984566334301299e-04
1.066141380500781839e-04
2.030745486668155948e-05
5.584550088337428519e-05
1.523059115001117029e-04
2.030745486668155948e-05
1.269215929167597434e-04
4.569177345003350545e-05
1.726133663667932488e-04
2.030745486668155948e-05
5.076863716670389871e-06
9.138354690006701090e-05
2.030745486668155948e-05
1.167678654834189569e-04
1.472290477834412893e-04
6.599922831671506493e-05
5.076863716670389871e-06
2.538431858335194935e-05
5.076863716670389871e-06
1.523059115001116961e-05
1.066141380500781839e-04
1.523059115001117029e-04
2.538431858335194935e-05
3.046118230002233923e-05
1.116910017667485704e-04
5.076863716670389871e-06
9.646041061673741094e-05
9.646041061673741094e-05
1.523059115001116961e-05
1.218447292000893569e-04
1.523059115001116961e-05
1.675365026501228624e-04
1.167678654834189569e-04
9.646041061673741094e-05
3.553804601669272571e-05
1.015372743334077974e-05
1.167678654834189569e-04
5.076863716670389871e-05
5.076863716670389871e-06
