2.228733505578965254e-02
1.001687137815523293e-02
8.174875502269893929e-03
3.598412297360077585e-03
6.662971807682590251e-03
6.614069262305103183e-03
6.683347868256543124e-03
1.707513876097250865e-03
4.926931446781804974e-03
5.057338234455103533e-03
5.285550112883375361e-03
3.859225872706674269e-03
5.509686779196856961e-03
5.843854172609684247e-03
4.327875265907590342e-03
4.046685629987041219e-03
3.093085995126046428e-03
1.332594361536518050e-03
9.372987864018322542e-04
2.811896359205496654e-04
9.780509075497378912e-04
1.361120846340052029e-03
3.019732177059815826e-03
1.723814724556413077e-03
3.015656964945025598e-03
5.990561808742145234e-04
7.498390291214657383e-04
3.215342358569763664e-03
3.296846600865575155e-03
2.677414359417407651e-03
1.385572119028795346e-03
6.479587262517013746e-04
3.875526721165836481e-03
1.797168542622643462e-03
3.268320116062040960e-03
1.568956664194371417e-03
3.292771388750784494e-03
4.845427204485993483e-03
1.063630361960340043e-03
3.736969509262957033e-03
3.044183449748559360e-03
3.076785146666884217e-03
1.230714058666753687e-03
1.817544603196596335e-03
3.040108237633768699e-03
1.764566845704318822e-03
1.304067876732983855e-03
2.070207754313612130e-03
2.815971571320287099e-03
1.858296724344502080e-03
3.402802115850130180e-03
3.692142176000260626e-03
2.697790419991360523e-03
3.488381570260731899e-03
1.711589088212041527e-03
3.700292600229841949e-03
2.298419632741884391e-03
6.112818172185861820e-04
2.123185511805889426e-03
3.174590237421857919e-03
2.273968360053140857e-03
1.145134604256151534e-03
2.811896359205496437e-03
2.665188723073036101e-03
1.581182300538742968e-03
1.956101815099475782e-03
1.145134604256151534e-03
8.109672108433243565e-04
8.680201804503924218e-04
2.000929148362172189e-03
2.237291451020025773e-03
9.862013317793192138e-04
2.864874116697774167e-03
1.532279755161256116e-03
1.332594361536518050e-03
2.734467329024475608e-03
2.983055268026700742e-03
2.461428117333507373e-03
3.113462055699999301e-03
1.573031876309161862e-03
1.919424906066360698e-03
1.585257512653533629e-03
1.446700300750653964e-03
2.644812662499083228e-03
2.436976844644763839e-03
2.673339147302616989e-03
2.261742723708768874e-03
1.666761754949345120e-03
1.222563634437172364e-03
1.279616604044240538e-03
9.535996348609944656e-04
1.104382483108245789e-03
1.320368725192146283e-03
2.233216238905235112e-03
9.372987864018322542e-04
1.621934421686648713e-03
1.096232058878664683e-03
6.438835141369108218e-04
1.548580603620418545e-03
2.363623026578533237e-03
1.022878240812434298e-03
1.666761754949345120e-03
1.063630361960340043e-03
7.539142412362563996e-04
6.398083020221202689e-04
6.683347868256542474e-04
1.194037149633638386e-03
1.295917452503402749e-03
1.678987391293716887e-03
2.612210965580758371e-03
4.034459993642669018e-04
2.110959875461517875e-03
1.389647331143586007e-03
1.899048845492407826e-03
2.339171753889790137e-03
1.833845451655758763e-03
8.843210289095547417e-04
1.153285028485732640e-03
6.805604231700260144e-04
1.907199269721988931e-03
1.344819997880889600e-03
1.414098603832329541e-03
1.609708785342277163e-03
2.648887874613873455e-04
2.090583814887565003e-03
1.821619815311386996e-03
1.295917452503402749e-03
1.597483148997905396e-03
1.581182300538742968e-03
1.776792482048690589e-03
1.467076361324606891e-04
1.247014907125915898e-03
1.157360240600523301e-03
1.552655815735208989e-03
1.556731027849999650e-03
8.639449683356018690e-04
9.821261196645285525e-04
1.100307270993455128e-03
1.593407936883114735e-03
4.767998174304972328e-04
1.919424906066360698e-03
1.813469391081805890e-03
1.479301997668978604e-03
1.956101815099475782e-03
1.915349693951570254e-03
1.189961937518847941e-03
1.850146300114920974e-03
1.377421694799214240e-03
1.617859209571858269e-03
5.909057566446333093e-04
6.398083020221202689e-04
1.556731027849999650e-03
2.106884663346727214e-03
1.291842240388612305e-03
6.642595747108636945e-04
1.047329513501177832e-03
1.014727816582853192e-03
7.783655139249998252e-04
2.445127268874344728e-04
1.894973633377617381e-03
1.059555149845549382e-03
1.483377209783769265e-03
1.483377209783769265e-03
1.124758543682198662e-03
4.034459993642669018e-04
1.532279755161256116e-03
1.678987391293716887e-03
1.161435452715313746e-03
7.376133927770940797e-04
5.868305445298427564e-04
1.536354967276046778e-03
1.487452421898559926e-03
1.540430179390837222e-03
8.720953925651829747e-04
1.055479937730758938e-03
3.993707872494763490e-04
3.504682418719894436e-04
1.059555149845549382e-03
1.210337998092800814e-03
9.413739985166228071e-04
5.868305445298427564e-04
1.467076361324607054e-03
1.752341209359947272e-03
1.230714058666753687e-03
1.108457695223036450e-03
3.382426055276177308e-04
1.112532907337826895e-03
9.943517560089003195e-04
9.943517560089003195e-04
1.014727816582853192e-03
8.394936956468584434e-04
5.664544839558898837e-04
1.263315755585078110e-03
3.015656964945025382e-04
5.012510901192407126e-04
9.413739985166228071e-04
6.724099989404448002e-04
1.503753270357722138e-03
8.150424229581150178e-04
8.761706046799736360e-04
1.332594361536518050e-03
1.047329513501177832e-03
1.593407936883114735e-03
1.031028665042015404e-03
8.843210289095547417e-04
1.002502180238481425e-03
5.134767264636124796e-04
1.630084845916229819e-04
1.556731027849999650e-03
8.435689077616489963e-04
1.397797755373167113e-03
3.708443024459423163e-04
1.344819997880889600e-03
5.460784233819370110e-04
9.332235742870415929e-04
4.890254537748689456e-04
1.132908967911779767e-03
1.071780786189921149e-03
9.250731500574604872e-04
1.141059392141360873e-03
6.398083020221202689e-04
2.689639995761779526e-04
2.526631511170156327e-04
1.365196058454842473e-03
1.320368725192146283e-03
4.604989689713349672e-04
4.808750295452878399e-04
1.173661089059685513e-03
1.328519149421727389e-03
1.752341209359947218e-04
1.157360240600523301e-03
1.128833755796989323e-03
3.015656964945025382e-04
3.382426055276177308e-04
1.352970422110470923e-03
8.394936956468584434e-04
5.134767264636124796e-04
7.905911502693714838e-04
8.883962410243452946e-04
4.931006658896596069e-04
6.520339383664919817e-05
7.661398775806280582e-04
1.067705574075130705e-03
1.079931210419502255e-03
1.014727816582853192e-03
1.120683331567408000e-03
5.705296960706804366e-04
1.169585876944895068e-03
9.169227258278793815e-04
1.092156846763874022e-03
8.191176350729055707e-04
1.112532907337826895e-03
7.335381806623035269e-04
1.446700300750653964e-03
6.805604231700260144e-04
2.689639995761779526e-04
2.322870905430627600e-04
7.987415744989526979e-04
4.115964235938480618e-04
7.946663623841621451e-04
1.145134604256151534e-03
9.046970894835076145e-04
8.517193319912301020e-04
9.535996348609944656e-04
8.639449683356018690e-04
1.670836967064135618e-04
1.014727816582853192e-03
9.495244227462039128e-04
9.454492106314133599e-04
1.646385694375392247e-03
9.943517560089003195e-04
6.724099989404448002e-04
4.767998174304972328e-04
1.279616604044240538e-03
9.332235742870415929e-04
7.946663623841621451e-04
9.169227258278793815e-04
6.112818172185861820e-04
2.037606057395287544e-04
7.987415744989526979e-04
8.476441198764395491e-04
9.780509075497378912e-04
6.398083020221202689e-04
1.222563634437172364e-03
8.639449683356018690e-04
1.071780786189921149e-03
2.200614541986910472e-04
5.460784233819370110e-04
6.479587262517013746e-04
6.316578777925390548e-04
9.006218773687170616e-04
3.423178176424082836e-04
1.022878240812434298e-03
1.010652604468062531e-03
6.968612716291883342e-04
7.294629685475128656e-04
7.498390291214657383e-04
5.623792718410993308e-04
1.405948179602748219e-03
1.014727816582853192e-03
3.260169691832459637e-04
8.394936956468584434e-04
8.965466652539265087e-04
5.827553324150522036e-04
5.664544839558898837e-04
1.589332724768324290e-04
5.134767264636124796e-04
1.181811513289266700e-04
8.272680593024866764e-04
5.786801203002616507e-04
8.883962410243452946e-04
1.018803028697643772e-04
6.316578777925390548e-04
1.214413210207591258e-03
8.802458167947641889e-04
1.259240543470287665e-03
1.185886725404057280e-03
6.927860595143976730e-04
7.335381806623035269e-04
6.031313929890050763e-04
7.376133927770940797e-04
5.460784233819370110e-04
8.720953925651829747e-04
6.968612716291883342e-04
3.626938782163611564e-04
6.642595747108636945e-04
8.598697562208113161e-04
4.401229083973820944e-04
4.564237568565443601e-04
5.379279991523559052e-04
1.328519149421727389e-03
8.883962410243452946e-04
6.846356352848165672e-04
6.357330899073297160e-04
5.338527870375653524e-04
2.567383632318062398e-04
6.357330899073297160e-04
7.661398775806280582e-04
7.905911502693714838e-04
2.852648480353402183e-04
1.507828482472512691e-04
8.231928471876961235e-04
7.050116958587694400e-04
2.689639995761779526e-04
6.642595747108636945e-04
2.730392116909685055e-04
1.915349693951570145e-04
7.253877564327223127e-04
1.670836967064135618e-04
8.313432714172772292e-04
8.272680593024866764e-04
1.055479937730758938e-03
3.341673934128271237e-04
5.175519385784030325e-04
7.742903018102092723e-04
5.786801203002616507e-04
9.291483621722510401e-04
9.617500590905756798e-04
6.153570293333768433e-04
3.300921812980365708e-04
4.645741810861255200e-04
5.664544839558898837e-04
6.683347868256542474e-04
5.949809687594239706e-04
4.401229083973820944e-04
1.304067876732983963e-04
8.354184835320678905e-04
7.416886048918846326e-04
1.189961937518847941e-03
1.234789270781544131e-03
6.153570293333768433e-04
3.341673934128271237e-04
5.257023628079841382e-04
7.253877564327223127e-04
9.046970894835076145e-04
8.965466652539265087e-04
4.604989689713349672e-04
5.705296960706804366e-04
2.567383632318062398e-04
7.050116958587694400e-04
1.067705574075130705e-03
3.871451509051046362e-04
7.376133927770940797e-04
9.739756954349473384e-04
7.865159381545809309e-04
5.664544839558898837e-04
8.517193319912301020e-04
6.398083020221202689e-04
7.539142412362563996e-04
9.209979379426699343e-04
6.235074535629579490e-04
6.764852110552354615e-04
6.112818172185861820e-04
1.071780786189921149e-03
4.441981205121726473e-04
3.626938782163611564e-04
9.699004833201567855e-04
4.808750295452878399e-04
8.802458167947641889e-04
6.153570293333768433e-04
5.705296960706804366e-04
5.297775749227746911e-04
1.006577392353272087e-03
8.883962410243452946e-04
7.050116958587694400e-04
5.257023628079841382e-04
9.332235742870415929e-04
2.893400601501308254e-04
3.871451509051046362e-04
3.912203630198951890e-04
7.865159381545809309e-04
6.235074535629579490e-04
5.827553324150522036e-04
7.905911502693714838e-04
5.827553324150522036e-04
8.191176350729055707e-04
4.319724841678009345e-04
5.216271506931935854e-04
7.620646654658375053e-04
9.413739985166228071e-04
5.379279991523559052e-04
4.034459993642669018e-04
4.319724841678009345e-04
9.169227258278793815e-04
2.200614541986910472e-04
9.943517560089003195e-04
2.893400601501308254e-04
7.335381806623035269e-04
6.235074535629579490e-04
3.871451509051046362e-04
2.363623026578533400e-04
7.498390291214657383e-04
9.535996348609944656e-04
1.670836967064135618e-04
4.686493932009161271e-04
3.056409086092930910e-04
9.046970894835076145e-04
3.300921812980365708e-04
6.927860595143976730e-04
5.827553324150522036e-04
4.971758780044501598e-04
4.971758780044501598e-04
1.874597572803664346e-04
4.767998174304972328e-04
7.294629685475128656e-04
1.874597572803664346e-04
9.495244227462039128e-04
6.561091504812825888e-04
6.887108473996071201e-04
2.322870905430627600e-04
4.482733326269632544e-05
2.241366663134816272e-04
5.949809687594239706e-04
5.949809687594239706e-04
4.931006658896596069e-04
4.360476962825914874e-04
1.043254301386387171e-03
6.153570293333768433e-04
6.112818172185861820e-04
9.943517560089003195e-04
5.257023628079841382e-04
4.931006658896596069e-04
9.169227258278793815e-04
3.382426055276177308e-04
5.623792718410993308e-04
7.865159381545809309e-04
7.865159381545809309e-04
4.360476962825914874e-04
8.272680593024866764e-04
5.990561808742145234e-04
3.300921812980365708e-04
3.341673934128271237e-04
8.394936956468584434e-04
5.379279991523559052e-04
7.579894533510469525e-04
8.028167866137432508e-04
6.398083020221202689e-04
5.501536354967275638e-04
7.498390291214657383e-04
7.376133927770940797e-04
4.482733326269632544e-04
6.438835141369108218e-04
7.172373322031412070e-04
8.068919987285338036e-04
5.134767264636124796e-04
6.887108473996071201e-04
5.746049081854710978e-04
7.498390291214657383e-04
8.761706046799736360e-04
8.028167866137432508e-04
5.297775749227746911e-04
6.153570293333768433e-04
8.068919987285338036e-04
4.075212114790575089e-04
8.272680593024866764e-04
9.495244227462039128e-04
4.686493932009161271e-04
3.260169691832459637e-04
8.231928471876961235e-04
6.072066051037956292e-04
3.137913328388742509e-04
3.423178176424082836e-04
2.689639995761779526e-04
8.150424229581149094e-05
8.639449683356018690e-04
2.363623026578533400e-04
6.479587262517013746e-04
5.868305445298427564e-04
3.463930297571988365e-04
3.830699387903140291e-04
5.746049081854710978e-04
1.589332724768324290e-04
4.604989689713349672e-04
4.564237568565443601e-04
4.890254537748689456e-04
5.134767264636124796e-04
3.463930297571988365e-04
3.830699387903140291e-04
2.608135753465967927e-04
2.078358178543193073e-04
5.134767264636124796e-04
2.771144238057591126e-04
6.194322414481673962e-04
6.846356352848165672e-04
1.711589088212041418e-04
5.012510901192407126e-04
6.520339383664919817e-05
7.009364837439788871e-04
5.053263022340312655e-04
8.191176350729055707e-04
7.050116958587694400e-04
3.993707872494763490e-04
2.404375147726439199e-04
6.968612716291883342e-04
2.119110299691098873e-04
2.037606057395287273e-05
5.746049081854710978e-04
2.648887874613873455e-04
4.849502416600783928e-04
3.586186661015706035e-04
7.498390291214657383e-04
4.564237568565443601e-04
5.909057566446333093e-04
8.394936956468584434e-04
7.376133927770940797e-04
5.868305445298427564e-04
7.905911502693714838e-04
7.335381806623034455e-05
7.620646654658375053e-04
5.990561808742145234e-04
1.018803028697643772e-04
6.112818172185861820e-04
6.398083020221202689e-04
4.034459993642669018e-04
5.583040597263087780e-04
5.909057566446333093e-04
3.097161207240836981e-04
5.460784233819370110e-04
3.137913328388742509e-04
5.216271506931935854e-04
4.401229083973820944e-04
4.727246053157066800e-04
6.112818172185861820e-04
4.686493932009161271e-04
5.786801203002616507e-04
6.438835141369108218e-04
4.319724841678009345e-04
5.420032112671464581e-04
1.385572119028795563e-04
3.056409086092930910e-04
8.150424229581149094e-05
5.705296960706804366e-04
5.338527870375653524e-04
2.934152722649213782e-04
1.956101815099475945e-04
4.686493932009161271e-04
3.137913328388742509e-04
1.915349693951570145e-04
3.708443024459423163e-04
3.952955751346857419e-04
3.626938782163611564e-04
5.297775749227746911e-04
5.338527870375653524e-04
2.648887874613873455e-04
6.275826656777485019e-04
7.131621200883505457e-04
3.912203630198951890e-04
4.971758780044501598e-04
2.159862420839004672e-04
9.332235742870415929e-04
7.253877564327223127e-04
4.401229083973820944e-04
7.946663623841621451e-04
4.971758780044501598e-04
6.235074535629579490e-04
6.072066051037956292e-04
4.482733326269632544e-04
3.137913328388742509e-04
5.297775749227746911e-04
5.338527870375653524e-04
4.115964235938480618e-04
8.476441198764395491e-04
5.583040597263087780e-04
2.730392116909685055e-04
6.112818172185861820e-04
5.297775749227747182e-05
5.664544839558898837e-04
1.793093330507853017e-04
5.216271506931935854e-04
5.053263022340312655e-04
6.316578777925390548e-04
6.968612716291883342e-04
7.946663623841621451e-04
4.482733326269632544e-04
5.583040597263087780e-04
3.708443024459423163e-04
3.545434539867799964e-04
5.216271506931935854e-04
3.300921812980365708e-04
1.507828482472512691e-04
2.934152722649213782e-04
2.526631511170156327e-04
6.683347868256542474e-04
6.112818172185861820e-04
1.222563634437172466e-05
4.971758780044501598e-04
6.561091504812825888e-04
5.705296960706804501e-05
4.523485447417538072e-04
1.141059392141360900e-04
3.667690903311517634e-04
3.382426055276177308e-04
1.100307270993455236e-04
4.278972720530103816e-04
5.460784233819370110e-04
5.623792718410993308e-04
4.075212114790575089e-04
5.583040597263087780e-04
5.705296960706804366e-04
3.912203630198951890e-04
3.219417570684554109e-04
8.965466652539265087e-05
4.075212114790574886e-06
8.557945441060207090e-05
3.667690903311517228e-05
2.037606057395287544e-04
5.868305445298427564e-04
2.404375147726439199e-04
2.322870905430627600e-04
3.708443024459423163e-04
3.830699387903140291e-04
3.871451509051046362e-04
4.482733326269632544e-04
2.730392116909685055e-04
4.482733326269632544e-04
4.197468478234292217e-04
1.996853936247381745e-04
4.931006658896596069e-04
2.852648480353402251e-05
2.689639995761779526e-04
5.094015143488218184e-04
7.661398775806280582e-04
3.097161207240836981e-04
2.811896359205496654e-04
2.974904843797119853e-04
5.053263022340312655e-04
4.931006658896596069e-04
4.441981205121726473e-04
4.401229083973820944e-04
4.645741810861255200e-04
4.034459993642669018e-04
2.404375147726439199e-04
4.319724841678009345e-04
4.319724841678009345e-04
3.300921812980365708e-04
5.501536354967275638e-04
3.586186661015706035e-04
4.931006658896596069e-04
6.601843625960731416e-04
2.363623026578533400e-04
4.767998174304972328e-04
5.338527870375653524e-04
4.238220599382197746e-04
6.275826656777485019e-04
6.683347868256542474e-04
3.260169691832459637e-04
1.833845451655758817e-04
1.548580603620418490e-04
1.956101815099475945e-04
3.708443024459423163e-04
3.341673934128271237e-04
4.727246053157066800e-04
7.742903018102092452e-05
1.793093330507853017e-04
6.601843625960731416e-04
5.909057566446333093e-04
3.830699387903140291e-04
4.890254537748689456e-04
5.705296960706804501e-05
4.931006658896596069e-04
3.341673934128271237e-04
3.423178176424082836e-04
5.216271506931935854e-04
4.523485447417538072e-04
5.786801203002616507e-04
3.830699387903140291e-04
3.504682418719894436e-04
3.952955751346857419e-04
1.793093330507853017e-04
3.097161207240836981e-04
1.711589088212041418e-04
4.808750295452878399e-04
3.667690903311517228e-05
3.545434539867799964e-04
5.175519385784030325e-04
2.282118784282721800e-04
3.504682418719894436e-04
1.589332724768324290e-04
5.746049081854710978e-04
1.181811513289266700e-04
3.382426055276177308e-04
4.278972720530103816e-04
3.545434539867799964e-04
4.075212114790575089e-04
2.608135753465967927e-04
2.852648480353402183e-04
2.974904843797119853e-04
5.460784233819370110e-04
3.789947266755234762e-04
5.868305445298427564e-04
2.730392116909685055e-04
8.150424229581149094e-05
2.282118784282721800e-04
5.012510901192407126e-04
6.072066051037956292e-04
2.811896359205496654e-04
4.401229083973820944e-04
3.423178176424082836e-04
3.667690903311517634e-04
4.360476962825914874e-04
3.545434539867799964e-04
3.137913328388742509e-04
3.586186661015706035e-04
6.235074535629579490e-04
4.564237568565443601e-04
5.216271506931935854e-04
2.404375147726439199e-04
1.507828482472512691e-04
2.445127268874344728e-04
4.686493932009161271e-04
2.485879390022250799e-04
2.893400601501308254e-04
5.175519385784030325e-04
1.711589088212041418e-04
2.852648480353402183e-04
4.319724841678009345e-04
2.485879390022250799e-04
4.319724841678009345e-04
2.078358178543193073e-04
2.241366663134816272e-04
3.178665449536648580e-04
2.322870905430627600e-04
6.235074535629579490e-04
4.360476962825914874e-04
3.545434539867799964e-04
3.015656964945025382e-04
5.705296960706804501e-05
3.871451509051046362e-04
3.545434539867799964e-04
8.150424229581149094e-05
3.993707872494763490e-04
7.457638170066751854e-04
3.137913328388742509e-04
3.789947266755234762e-04
1.141059392141360900e-04
2.200614541986910472e-04
3.300921812980365708e-04
1.711589088212041418e-04
5.990561808742145234e-04
8.150424229581149771e-06
5.297775749227746911e-04
2.689639995761779526e-04
3.545434539867799964e-04
5.379279991523559052e-04
4.075212114790575089e-04
3.667690903311517634e-04
3.993707872494763490e-04
1.630084845916229954e-05
1.426324240176701091e-04
2.934152722649213782e-04
2.445127268874344728e-04
2.322870905430627600e-04
2.893400601501308254e-04
4.482733326269632544e-04
2.893400601501308254e-04
2.811896359205496654e-04
2.526631511170156327e-04
4.115964235938480618e-04
1.833845451655758817e-04
2.689639995761779526e-04
1.956101815099475945e-04
2.526631511170156327e-04
2.974904843797119853e-04
3.708443024459423163e-04
3.545434539867799964e-04
4.604989689713349672e-04
1.630084845916229819e-04
2.526631511170156327e-04
5.990561808742145234e-04
3.382426055276177308e-04
2.811896359205496654e-04
3.056409086092930910e-04
4.197468478234292217e-04
4.360476962825914874e-04
2.159862420839004672e-04
5.216271506931935854e-04
4.197468478234292217e-04
4.238220599382197746e-04
2.771144238057591126e-04
4.034459993642669018e-04
4.115964235938480618e-04
5.094015143488218184e-04
3.382426055276177308e-04
1.793093330507853017e-04
1.915349693951570145e-04
2.404375147726439199e-04
3.789947266755234762e-04
3.178665449536648580e-04
1.344819997880889763e-04
2.445127268874344728e-04
2.893400601501308254e-04
4.808750295452878399e-04
4.564237568565443601e-04
2.363623026578533400e-04
3.749195145607328692e-04
3.667690903311517634e-04
3.219417570684554109e-04
3.015656964945025382e-04
1.589332724768324290e-04
3.789947266755234762e-04
2.689639995761779526e-04
4.604989689713349672e-04
2.648887874613873455e-04
4.727246053157066800e-04
7.335381806623034455e-05
9.372987864018321729e-05
2.934152722649213782e-04
2.445127268874344728e-04
2.485879390022250799e-04
2.852648480353402183e-04
6.031313929890050763e-04
4.564237568565443601e-04
2.608135753465967927e-04
4.319724841678009345e-04
2.893400601501308254e-04
3.586186661015706035e-04
4.604989689713349672e-04
3.667690903311517634e-04
3.137913328388742509e-04
4.971758780044501598e-04
4.604989689713349672e-04
1.222563634437172364e-04
2.404375147726439199e-04
3.871451509051046362e-04
5.379279991523559052e-04
3.097161207240836981e-04
3.789947266755234762e-04
4.849502416600783928e-04
2.771144238057591126e-04
3.056409086092930910e-04
4.115964235938480618e-04
2.241366663134816272e-04
8.150424229581149771e-06
1.793093330507853017e-04
8.150424229581149771e-06
4.278972720530103816e-04
2.934152722649213782e-04
4.075212114790574886e-06
4.727246053157066800e-04
4.360476962825914874e-04
5.705296960706804366e-04
2.037606057395287544e-04
3.749195145607328692e-04
4.971758780044501598e-04
3.667690903311517228e-05
4.319724841678009345e-04
4.890254537748689456e-04
1.956101815099475945e-04
1.956101815099475945e-04
4.401229083973820944e-04
3.667690903311517228e-05
3.097161207240836981e-04
6.520339383664919817e-05
3.382426055276177308e-04
4.075212114790574886e-06
4.075212114790574886e-06
5.257023628079841382e-04
1.711589088212041418e-04
3.504682418719894436e-04
3.423178176424082836e-04
4.156716357086386146e-04
3.789947266755234762e-04
2.445127268874344728e-04
2.404375147726439199e-04
2.852648480353402183e-04
3.993707872494763490e-04
1.141059392141360900e-04
3.382426055276177308e-04
3.586186661015706035e-04
1.996853936247381745e-04
1.711589088212041418e-04
4.645741810861255200e-04
3.830699387903140291e-04
4.360476962825914874e-04
5.134767264636124796e-04
3.260169691832459637e-04
5.053263022340312655e-04
8.965466652539265087e-05
2.119110299691098873e-04
4.890254537748689863e-05
2.567383632318062398e-04
3.056409086092930910e-04
4.075212114790575089e-04
3.626938782163611564e-04
2.404375147726439199e-04
2.037606057395287544e-04
2.811896359205496654e-04
3.097161207240836981e-04
2.689639995761779526e-04
1.833845451655758817e-04
2.648887874613873455e-04
3.504682418719894436e-04
2.241366663134816272e-04
2.526631511170156327e-04
5.705296960706804501e-05
4.686493932009161271e-04
2.363623026578533400e-04
2.608135753465967927e-04
3.871451509051046362e-04
6.194322414481673962e-04
1.793093330507853017e-04
4.075212114790574886e-06
4.278972720530103816e-04
1.222563634437172364e-04
2.119110299691098873e-04
9.780509075497379726e-05
1.833845451655758817e-04
2.282118784282721800e-04
1.874597572803664346e-04
3.545434539867799964e-04
3.382426055276177308e-04
5.705296960706804501e-05
3.015656964945025382e-04
8.150424229581149771e-06
1.507828482472512691e-04
3.667690903311517228e-05
3.789947266755234762e-04
2.689639995761779526e-04
1.059555149845549436e-04
1.426324240176701091e-04
1.752341209359947218e-04
2.485879390022250799e-04
4.401229083973820944e-04
2.852648480353402183e-04
3.219417570684554109e-04
2.771144238057591126e-04
2.689639995761779526e-04
1.426324240176701091e-04
2.771144238057591126e-04
4.197468478234292217e-04
4.075212114790575089e-04
2.159862420839004672e-04
2.526631511170156327e-04
2.730392116909685055e-04
2.526631511170156327e-04
4.278972720530103816e-04
4.156716357086386146e-04
4.686493932009161271e-04
2.852648480353402183e-04
2.322870905430627600e-04
2.037606057395287544e-04
3.300921812980365708e-04
4.238220599382197746e-04
3.545434539867799964e-04
2.119110299691098873e-04
2.852648480353402183e-04
2.200614541986910472e-04
4.931006658896596069e-04
1.100307270993455236e-04
3.626938782163611564e-04
3.830699387903140291e-04
2.567383632318062398e-04
2.608135753465967927e-04
4.319724841678009345e-04
1.059555149845549436e-04
4.645741810861255200e-04
3.300921812980365708e-04
4.278972720530103816e-04
3.504682418719894436e-04
2.445127268874344931e-05
1.222563634437172364e-04
5.297775749227747182e-05
5.053263022340312655e-04
1.385572119028795563e-04
1.874597572803664346e-04
9.372987864018321729e-05
3.260169691832459637e-04
2.771144238057591126e-04
2.119110299691098873e-04
2.893400601501308254e-04
1.222563634437172364e-04
3.015656964945025382e-04
1.181811513289266700e-04
2.445127268874344728e-04
2.363623026578533400e-04
3.993707872494763490e-04
3.626938782163611564e-04
2.934152722649213782e-04
1.589332724768324290e-04
3.463930297571988365e-04
3.423178176424082836e-04
2.037606057395287273e-05
1.589332724768324290e-04
1.548580603620418490e-04
3.260169691832459909e-05
1.996853936247381745e-04
2.282118784282721800e-04
1.507828482472512691e-04
1.344819997880889763e-04
3.015656964945025382e-04
2.078358178543193073e-04
2.852648480353402183e-04
3.463930297571988365e-04
3.912203630198951890e-04
2.485879390022250799e-04
1.996853936247381745e-04
2.771144238057591126e-04
4.034459993642669018e-04
2.282118784282721800e-04
3.260169691832459909e-05
2.404375147726439199e-04
4.645741810861255200e-04
1.752341209359947218e-04
2.648887874613873455e-04
3.178665449536648580e-04
2.078358178543193073e-04
1.059555149845549436e-04
1.181811513289266700e-04
1.996853936247381745e-04
1.059555149845549436e-04
2.974904843797119853e-04
2.037606057395287544e-04
2.159862420839004672e-04
2.893400601501308254e-04
1.711589088212041418e-04
3.260169691832459909e-05
1.630084845916229819e-04
2.526631511170156327e-04
3.545434539867799964e-04
1.426324240176701091e-04
3.260169691832459909e-05
2.934152722649213782e-04
1.956101815099475945e-04
4.034459993642669018e-04
3.423178176424082836e-04
2.282118784282721800e-04
2.974904843797119853e-04
2.159862420839004672e-04
2.119110299691098873e-04
3.015656964945025382e-04
2.485879390022250799e-04
3.749195145607328692e-04
2.648887874613873455e-04
1.670836967064135618e-04
2.689639995761779526e-04
1.059555149845549436e-04
4.075212114790575089e-04
1.263315755585078164e-04
2.771144238057591126e-04
2.567383632318062398e-04
1.385572119028795563e-04
8.965466652539265087e-05
4.034459993642669018e-04
7.742903018102092452e-05
3.056409086092930910e-04
1.141059392141360900e-04
2.241366663134816272e-04
1.507828482472512691e-04
3.300921812980365708e-04
1.222563634437172466e-05
3.341673934128271237e-04
1.426324240176701091e-04
4.197468478234292217e-04
3.912203630198951890e-04
2.689639995761779526e-04
1.670836967064135618e-04
3.667690903311517228e-05
2.852648480353402251e-05
1.548580603620418490e-04
3.382426055276177308e-04
3.260169691832459637e-04
1.548580603620418490e-04
2.159862420839004672e-04
2.811896359205496654e-04
1.956101815099475945e-04
1.996853936247381745e-04
2.200614541986910472e-04
2.200614541986910472e-04
3.137913328388742509e-04
2.608135753465967927e-04
2.322870905430627600e-04
2.200614541986910472e-04
1.100307270993455236e-04
2.322870905430627600e-04
2.078358178543193073e-04
9.780509075497379726e-05
2.200614541986910472e-04
6.520339383664919817e-05
3.015656964945025382e-04
4.890254537748689863e-05
2.852648480353402183e-04
1.181811513289266700e-04
1.793093330507853017e-04
2.689639995761779526e-04
1.141059392141360900e-04
2.852648480353402183e-04
1.915349693951570145e-04
2.363623026578533400e-04
8.150424229581149094e-05
3.341673934128271237e-04
2.037606057395287544e-04
8.557945441060207090e-05
2.200614541986910472e-04
2.241366663134816272e-04
2.934152722649213782e-04
2.852648480353402183e-04
2.771144238057591126e-04
3.219417570684554109e-04
2.241366663134816272e-04
1.793093330507853017e-04
1.915349693951570145e-04
3.586186661015706035e-04
1.752341209359947218e-04
1.304067876732983963e-04
2.526631511170156327e-04
4.523485447417538072e-04
2.608135753465967927e-04
3.708443024459423163e-04
1.018803028697643772e-04
1.059555149845549436e-04
2.322870905430627600e-04
2.363623026578533400e-04
8.150424229581149771e-06
2.200614541986910472e-04
2.241366663134816272e-04
2.445127268874344728e-04
4.238220599382197746e-04
2.445127268874344728e-04
2.078358178543193073e-04
2.526631511170156327e-04
2.648887874613873455e-04
1.467076361324606891e-04
1.304067876732983963e-04
2.771144238057591126e-04
3.586186661015706035e-04
1.833845451655758817e-04
2.037606057395287273e-05
2.322870905430627600e-04
1.467076361324606891e-04
1.670836967064135618e-04
3.219417570684554109e-04
2.771144238057591126e-04
3.626938782163611564e-04
2.689639995761779526e-04
8.965466652539265087e-05
1.793093330507853017e-04
1.752341209359947218e-04
1.467076361324606891e-04
2.730392116909685055e-04
1.467076361324606891e-04
1.874597572803664346e-04
2.037606057395287544e-04
3.382426055276177308e-04
3.341673934128271237e-04
1.018803028697643772e-04
2.363623026578533400e-04
3.708443024459423163e-04
1.507828482472512691e-04
3.789947266755234762e-04
4.482733326269632544e-05
1.181811513289266700e-04
2.241366663134816272e-04
2.445127268874344931e-05
3.504682418719894436e-04
1.222563634437172364e-04
2.974904843797119853e-04
2.363623026578533400e-04
2.608135753465967927e-04
1.426324240176701091e-04
1.467076361324606891e-04
2.037606057395287273e-05
1.059555149845549436e-04
2.322870905430627600e-04
3.015656964945025382e-04
2.078358178543193073e-04
2.037606057395287544e-04
2.893400601501308254e-04
2.363623026578533400e-04
1.670836967064135618e-04
4.075212114790574886e-06
1.670836967064135618e-04
3.137913328388742509e-04
2.608135753465967927e-04
2.648887874613873455e-04
1.426324240176701091e-04
2.445127268874344728e-04
3.260169691832459637e-04
1.018803028697643772e-04
3.300921812980365708e-04
1.507828482472512691e-04
4.075212114790574886e-06
2.322870905430627600e-04
2.730392116909685055e-04
2.893400601501308254e-04
2.241366663134816272e-04
4.156716357086386146e-04
2.730392116909685055e-04
4.075212114790574547e-05
1.507828482472512691e-04
2.526631511170156327e-04
9.780509075497379726e-05
4.075212114790574886e-06
2.689639995761779526e-04
2.608135753465967927e-04
2.567383632318062398e-04
1.467076361324606891e-04
6.520339383664919817e-05
2.282118784282721800e-04
2.893400601501308254e-04
7.742903018102092452e-05
2.241366663134816272e-04
2.445127268874344728e-04
1.752341209359947218e-04
1.956101815099475945e-04
2.037606057395287273e-05
3.137913328388742509e-04
2.037606057395287273e-05
2.404375147726439199e-04
1.548580603620418490e-04
1.915349693951570145e-04
3.260169691832459909e-05
1.833845451655758817e-04
2.282118784282721800e-04
8.557945441060207090e-05
2.811896359205496654e-04
1.467076361324606891e-04
1.467076361324606891e-04
1.181811513289266700e-04
3.912203630198951890e-04
2.078358178543193073e-04
2.078358178543193073e-04
2.078358178543193073e-04
1.548580603620418490e-04
3.545434539867799964e-04
1.304067876732983963e-04
1.467076361324606891e-04
2.241366663134816272e-04
1.344819997880889763e-04
2.282118784282721800e-04
1.222563634437172466e-05
2.159862420839004672e-04
1.752341209359947218e-04
4.564237568565443601e-04
2.363623026578533400e-04
1.996853936247381745e-04
3.382426055276177308e-04
2.567383632318062398e-04
2.526631511170156327e-04
2.445127268874344931e-05
2.037606057395287544e-04
2.852648480353402183e-04
2.811896359205496654e-04
1.833845451655758817e-04
1.996853936247381745e-04
2.730392116909685055e-04
2.241366663134816272e-04
2.771144238057591126e-04
2.811896359205496654e-04
2.119110299691098873e-04
1.670836967064135618e-04
1.263315755585078164e-04
2.200614541986910472e-04
7.742903018102092452e-05
5.705296960706804501e-05
7.335381806623034455e-05
2.200614541986910472e-04
2.159862420839004672e-04
1.426324240176701091e-04
2.771144238057591126e-04
4.075212114790574886e-06
2.404375147726439199e-04
2.608135753465967927e-04
7.742903018102092452e-05
9.372987864018321729e-05
2.567383632318062398e-04
1.711589088212041418e-04
4.075212114790574886e-06
3.260169691832459637e-04
1.548580603620418490e-04
3.504682418719894436e-04
2.404375147726439199e-04
2.485879390022250799e-04
1.670836967064135618e-04
2.159862420839004672e-04
1.589332724768324290e-04
2.200614541986910472e-04
2.363623026578533400e-04
6.520339383664919817e-05
1.752341209359947218e-04
1.222563634437172364e-04
2.078358178543193073e-04
2.322870905430627600e-04
1.467076361324606891e-04
2.119110299691098873e-04
1.141059392141360900e-04
1.141059392141360900e-04
3.097161207240836981e-04
3.382426055276177308e-04
1.467076361324606891e-04
2.730392116909685055e-04
2.037606057395287273e-05
2.974904843797119853e-04
2.445127268874344728e-04
2.974904843797119853e-04
1.589332724768324290e-04
1.915349693951570145e-04
1.752341209359947218e-04
4.075212114790574886e-06
1.100307270993455236e-04
6.112818172185861820e-05
1.181811513289266700e-04
2.119110299691098873e-04
2.078358178543193073e-04
3.178665449536648580e-04
7.742903018102092452e-05
2.485879390022250799e-04
2.322870905430627600e-04
1.059555149845549436e-04
2.404375147726439199e-04
2.404375147726439199e-04
2.119110299691098873e-04
1.385572119028795563e-04
1.915349693951570145e-04
2.852648480353402183e-04
2.322870905430627600e-04
2.771144238057591126e-04
2.445127268874344728e-04
2.852648480353402183e-04
1.548580603620418490e-04
1.874597572803664346e-04
6.112818172185861820e-05
1.752341209359947218e-04
2.811896359205496654e-04
1.874597572803664346e-04
9.372987864018321729e-05
1.874597572803664346e-04
2.445127268874344728e-04
1.222563634437172364e-04
1.467076361324606891e-04
2.241366663134816272e-04
5.297775749227747182e-05
1.467076361324606891e-04
2.282118784282721800e-04
2.363623026578533400e-04
2.526631511170156327e-04
1.426324240176701091e-04
7.335381806623034455e-05
2.078358178543193073e-04
3.137913328388742509e-04
2.078358178543193073e-04
2.771144238057591126e-04
6.112818172185861820e-05
3.178665449536648580e-04
1.426324240176701091e-04
3.178665449536648580e-04
1.996853936247381745e-04
2.200614541986910472e-04
2.363623026578533400e-04
1.507828482472512691e-04
1.263315755585078164e-04
1.018803028697643772e-04
1.956101815099475945e-04
1.141059392141360900e-04
7.335381806623034455e-05
1.548580603620418490e-04
1.874597572803664346e-04
1.630084845916229954e-05
2.037606057395287273e-05
5.705296960706804501e-05
7.742903018102092452e-05
1.670836967064135618e-04
8.965466652539265087e-05
1.222563634437172364e-04
2.037606057395287544e-04
1.996853936247381745e-04
1.833845451655758817e-04
1.181811513289266700e-04
4.075212114790574547e-05
8.150424229581149094e-05
5.705296960706804501e-05
5.705296960706804501e-05
1.263315755585078164e-04
1.018803028697643772e-04
1.630084845916229819e-04
1.711589088212041418e-04
1.956101815099475945e-04
2.567383632318062398e-04
2.119110299691098873e-04
2.689639995761779526e-04
4.075212114790574886e-06
1.833845451655758817e-04
1.956101815099475945e-04
2.363623026578533400e-04
2.567383632318062398e-04
5.705296960706804501e-05
1.467076361324606891e-04
1.711589088212041418e-04
1.507828482472512691e-04
2.363623026578533400e-04
2.037606057395287544e-04
1.711589088212041418e-04
8.557945441060207090e-05
6.520339383664919817e-05
2.078358178543193073e-04
1.059555149845549436e-04
1.752341209359947218e-04
1.874597572803664346e-04
1.670836967064135618e-04
1.711589088212041418e-04
2.526631511170156327e-04
2.159862420839004672e-04
1.589332724768324290e-04
1.507828482472512691e-04
1.548580603620418490e-04
2.404375147726439199e-04
9.780509075497379726e-05
2.363623026578533400e-04
1.833845451655758817e-04
1.915349693951570145e-04
6.927860595143977814e-05
1.304067876732983963e-04
3.423178176424082836e-04
2.159862420839004672e-04
1.630084845916229819e-04
2.811896359205496654e-04
1.426324240176701091e-04
1.956101815099475945e-04
1.874597572803664346e-04
7.742903018102092452e-05
1.915349693951570145e-04
1.996853936247381745e-04
2.730392116909685055e-04
6.520339383664919817e-05
6.112818172185861820e-05
1.548580603620418490e-04
1.059555149845549436e-04
2.445127268874344728e-04
3.341673934128271237e-04
2.241366663134816272e-04
2.771144238057591126e-04
2.485879390022250799e-04
6.520339383664919817e-05
2.037606057395287273e-05
4.075212114790574886e-06
1.956101815099475945e-04
1.793093330507853017e-04
1.793093330507853017e-04
1.752341209359947218e-04
1.467076361324606891e-04
1.222563634437172364e-04
2.159862420839004672e-04
2.648887874613873455e-04
1.874597572803664346e-04
6.112818172185861820e-05
1.793093330507853017e-04
1.833845451655758817e-04
2.322870905430627600e-04
2.771144238057591126e-04
1.630084845916229819e-04
2.322870905430627600e-04
1.711589088212041418e-04
2.159862420839004672e-04
7.742903018102092452e-05
4.075212114790574547e-05
4.482733326269632544e-05
1.670836967064135618e-04
2.648887874613873455e-04
7.335381806623034455e-05
1.630084845916229819e-04
2.893400601501308254e-04
2.363623026578533400e-04
5.297775749227747182e-05
1.670836967064135618e-04
1.385572119028795563e-04
1.956101815099475945e-04
2.811896359205496654e-04
1.711589088212041418e-04
1.222563634437172364e-04
2.689639995761779526e-04
6.112818172185861820e-05
1.263315755585078164e-04
1.548580603620418490e-04
1.059555149845549436e-04
1.589332724768324290e-04
1.263315755585078164e-04
1.793093330507853017e-04
2.445127268874344728e-04
2.119110299691098873e-04
2.567383632318062398e-04
3.137913328388742509e-04
1.670836967064135618e-04
2.567383632318062398e-04
6.112818172185861820e-05
2.404375147726439199e-04
1.141059392141360900e-04
1.874597572803664346e-04
1.956101815099475945e-04
8.557945441060207090e-05
5.705296960706804501e-05
1.589332724768324290e-04
1.915349693951570145e-04
2.445127268874344931e-05
2.852648480353402251e-05
1.100307270993455236e-04
1.507828482472512691e-04
2.404375147726439199e-04
1.630084845916229819e-04
1.426324240176701091e-04
1.670836967064135618e-04
6.520339383664919817e-05
1.548580603620418490e-04
1.915349693951570145e-04
1.344819997880889763e-04
2.159862420839004672e-04
1.059555149845549436e-04
1.222563634437172364e-04
2.159862420839004672e-04
1.752341209359947218e-04
7.335381806623034455e-05
2.119110299691098873e-04
1.996853936247381745e-04
2.445127268874344728e-04
8.150424229581149094e-05
1.181811513289266700e-04
2.159862420839004672e-04
2.404375147726439199e-04
2.037606057395287544e-04
2.526631511170156327e-04
2.200614541986910472e-04
1.752341209359947218e-04
1.426324240176701091e-04
1.833845451655758817e-04
2.445127268874344728e-04
2.037606057395287273e-05
2.159862420839004672e-04
2.322870905430627600e-04
7.335381806623034455e-05
3.260169691832459909e-05
2.363623026578533400e-04
2.363623026578533400e-04
2.852648480353402251e-05
9.780509075497379726e-05
1.467076361324606891e-04
4.482733326269632544e-05
1.222563634437172466e-05
1.548580603620418490e-04
8.150424229581149094e-05
2.119110299691098873e-04
1.996853936247381745e-04
1.630084845916229954e-05
2.445127268874344931e-05
1.222563634437172364e-04
1.100307270993455236e-04
4.075212114790574547e-05
2.608135753465967927e-04
6.520339383664919817e-05
1.996853936247381745e-04
1.507828482472512691e-04
1.385572119028795563e-04
1.915349693951570145e-04
8.965466652539265087e-05
1.752341209359947218e-04
1.996853936247381745e-04
1.467076361324606891e-04
1.793093330507853017e-04
8.150424229581149094e-05
2.078358178543193073e-04
2.811896359205496654e-04
2.363623026578533400e-04
1.833845451655758817e-04
2.730392116909685055e-04
8.965466652539265087e-05
1.344819997880889763e-04
2.037606057395287544e-04
1.996853936247381745e-04
8.150424229581149771e-06
1.630084845916229819e-04
2.322870905430627600e-04
4.482733326269632544e-05
1.793093330507853017e-04
1.793093330507853017e-04
1.752341209359947218e-04
1.589332724768324290e-04
2.037606057395287544e-04
2.037606057395287273e-05
1.263315755585078164e-04
1.426324240176701091e-04
2.037606057395287544e-04
1.181811513289266700e-04
1.793093330507853017e-04
1.752341209359947218e-04
2.322870905430627600e-04
1.426324240176701091e-04
7.742903018102092452e-05
1.018803028697643772e-04
8.150424229581149771e-06
1.059555149845549436e-04
1.507828482472512691e-04
2.363623026578533400e-04
1.956101815099475945e-04
6.112818172185861820e-05
1.670836967064135618e-04
1.018803028697643772e-04
3.178665449536648580e-04
1.670836967064135618e-04
1.344819997880889763e-04
2.078358178543193073e-04
2.037606057395287273e-05
1.385572119028795563e-04
1.915349693951570145e-04
2.363623026578533400e-04
1.385572119028795563e-04
2.852648480353402251e-05
2.037606057395287273e-05
1.507828482472512691e-04
2.852648480353402183e-04
9.780509075497379726e-05
4.890254537748689863e-05
1.222563634437172364e-04
1.304067876732983963e-04
1.181811513289266700e-04
1.018803028697643772e-04
2.322870905430627600e-04
9.780509075497379726e-05
8.150424229581149771e-06
2.159862420839004672e-04
1.385572119028795563e-04
2.241366663134816272e-04
1.222563634437172466e-05
1.996853936247381745e-04
5.705296960706804501e-05
2.037606057395287544e-04
7.335381806623034455e-05
1.304067876732983963e-04
1.344819997880889763e-04
2.037606057395287544e-04
4.482733326269632544e-05
7.335381806623034455e-05
1.996853936247381745e-04
2.322870905430627600e-04
7.335381806623034455e-05
7.742903018102092452e-05
1.507828482472512691e-04
2.852648480353402251e-05
1.141059392141360900e-04
1.711589088212041418e-04
2.445127268874344931e-05
1.141059392141360900e-04
8.150424229581149094e-05
1.833845451655758817e-04
2.445127268874344728e-04
2.159862420839004672e-04
1.548580603620418490e-04
9.780509075497379726e-05
2.322870905430627600e-04
8.150424229581149094e-05
1.630084845916229954e-05
2.037606057395287544e-04
8.150424229581149094e-05
1.467076361324606891e-04
1.752341209359947218e-04
2.322870905430627600e-04
2.322870905430627600e-04
1.670836967064135618e-04
1.793093330507853017e-04
1.956101815099475945e-04
1.833845451655758817e-04
1.833845451655758817e-04
4.075212114790574886e-06
2.608135753465967927e-04
2.037606057395287273e-05
1.222563634437172364e-04
2.037606057395287544e-04
2.404375147726439199e-04
1.507828482472512691e-04
1.548580603620418490e-04
1.507828482472512691e-04
2.322870905430627600e-04
2.078358178543193073e-04
1.630084845916229819e-04
1.630084845916229819e-04
8.150424229581149094e-05
1.304067876732983963e-04
1.426324240176701091e-04
1.996853936247381745e-04
1.385572119028795563e-04
1.548580603620418490e-04
2.241366663134816272e-04
1.630084845916229819e-04
2.037606057395287273e-05
1.222563634437172466e-05
1.630084845916229954e-05
9.372987864018321729e-05
9.372987864018321729e-05
1.996853936247381745e-04
4.890254537748689863e-05
5.705296960706804501e-05
1.548580603620418490e-04
2.037606057395287273e-05
4.075212114790574886e-06
1.589332724768324290e-04
2.241366663134816272e-04
2.404375147726439199e-04
2.852648480353402251e-05
3.667690903311517228e-05
2.078358178543193073e-04
2.445127268874344931e-05
1.222563634437172466e-05
1.996853936247381745e-04
1.793093330507853017e-04
7.742903018102092452e-05
2.485879390022250799e-04
1.467076361324606891e-04
2.200614541986910472e-04
4.890254537748689863e-05
1.711589088212041418e-04
1.344819997880889763e-04
1.018803028697643772e-04
2.037606057395287273e-05
4.075212114790574886e-06
9.780509075497379726e-05
1.141059392141360900e-04
2.200614541986910472e-04
2.037606057395287273e-05
1.956101815099475945e-04
6.520339383664919817e-05
1.793093330507853017e-04
2.852648480353402251e-05
4.482733326269632544e-05
1.181811513289266700e-04
1.956101815099475945e-04
1.141059392141360900e-04
1.548580603620418490e-04
1.181811513289266700e-04
1.263315755585078164e-04
6.112818172185861820e-05
1.752341209359947218e-04
1.385572119028795563e-04
2.404375147726439199e-04
1.670836967064135618e-04
1.059555149845549436e-04
1.752341209359947218e-04
1.263315755585078164e-04
7.742903018102092452e-05
1.181811513289266700e-04
1.874597572803664346e-04
3.667690903311517228e-05
1.589332724768324290e-04
1.100307270993455236e-04
1.670836967064135618e-04
1.059555149845549436e-04
1.263315755585078164e-04
6.112818172185861820e-05
1.630084845916229954e-05
1.344819997880889763e-04
2.037606057395287273e-05
1.304067876732983963e-04
1.548580603620418490e-04
1.996853936247381745e-04
6.927860595143977814e-05
9.372987864018321729e-05
1.589332724768324290e-04
4.075212114790574886e-06
2.852648480353402251e-05
1.711589088212041418e-04
1.833845451655758817e-04
2.445127268874344931e-05
1.630084845916229819e-04
2.078358178543193073e-04
1.956101815099475945e-04
2.445127268874344931e-05
8.150424229581149771e-06
1.833845451655758817e-04
1.100307270993455236e-04
1.263315755585078164e-04
1.833845451655758817e-04
7.335381806623034455e-05
2.037606057395287273e-05
1.222563634437172364e-04
2.037606057395287273e-05
6.520339383664919817e-05
2.241366663134816272e-04
6.520339383664919817e-05
1.630084845916229819e-04
2.078358178543193073e-04
1.630084845916229819e-04
1.630084845916229819e-04
1.793093330507853017e-04
1.141059392141360900e-04
1.304067876732983963e-04
7.742903018102092452e-05
1.630084845916229819e-04
9.780509075497379726e-05
1.793093330507853017e-04
1.426324240176701091e-04
1.711589088212041418e-04
7.335381806623034455e-05
8.965466652539265087e-05
1.507828482472512691e-04
1.222563634437172364e-04
2.159862420839004672e-04
1.996853936247381745e-04
1.630084845916229819e-04
1.222563634437172466e-05
1.426324240176701091e-04
1.630084845916229819e-04
1.874597572803664346e-04
1.018803028697643772e-04
1.467076361324606891e-04
1.874597572803664346e-04
1.711589088212041418e-04
1.752341209359947218e-04
2.159862420839004672e-04
7.742903018102092452e-05
1.263315755585078164e-04
1.181811513289266700e-04
2.159862420839004672e-04
7.742903018102092452e-05
6.927860595143977814e-05
7.742903018102092452e-05
1.100307270993455236e-04
8.965466652539265087e-05
2.159862420839004672e-04
1.915349693951570145e-04
4.890254537748689863e-05
5.705296960706804501e-05
1.915349693951570145e-04
2.159862420839004672e-04
1.507828482472512691e-04
9.780509075497379726e-05
1.181811513289266700e-04
4.075212114790574886e-06
6.927860595143977814e-05
1.507828482472512691e-04
7.335381806623034455e-05
1.548580603620418490e-04
1.874597572803664346e-04
6.112818172185861820e-05
1.100307270993455236e-04
1.100307270993455236e-04
1.874597572803664346e-04
6.112818172185861820e-05
1.222563634437172364e-04
1.018803028697643772e-04
7.742903018102092452e-05
2.119110299691098873e-04
5.297775749227747182e-05
8.557945441060207090e-05
5.297775749227747182e-05
1.833845451655758817e-04
1.141059392141360900e-04
2.852648480353402251e-05
1.426324240176701091e-04
1.304067876732983963e-04
1.833845451655758817e-04
1.630084845916229819e-04
7.335381806623034455e-05
1.874597572803664346e-04
1.874597572803664346e-04
1.915349693951570145e-04
1.956101815099475945e-04
4.075212114790574886e-06
1.141059392141360900e-04
2.852648480353402251e-05
6.927860595143977814e-05
1.141059392141360900e-04
1.018803028697643772e-04
1.711589088212041418e-04
1.589332724768324290e-04
1.059555149845549436e-04
8.557945441060207090e-05
9.780509075497379726e-05
1.507828482472512691e-04
1.181811513289266700e-04
1.833845451655758817e-04
1.304067876732983963e-04
5.705296960706804501e-05
1.467076361324606891e-04
1.507828482472512691e-04
7.742903018102092452e-05
1.711589088212041418e-04
1.711589088212041418e-04
9.372987864018321729e-05
1.711589088212041418e-04
1.670836967064135618e-04
1.915349693951570145e-04
1.874597572803664346e-04
1.956101815099475945e-04
1.344819997880889763e-04
1.711589088212041418e-04
1.426324240176701091e-04
1.711589088212041418e-04
4.482733326269632544e-05
1.141059392141360900e-04
8.557945441060207090e-05
2.119110299691098873e-04
1.181811513289266700e-04
1.263315755585078164e-04
1.426324240176701091e-04
1.874597572803664346e-04
8.557945441060207090e-05
1.630084845916229954e-05
7.335381806623034455e-05
5.297775749227747182e-05
1.304067876732983963e-04
4.075212114790574886e-06
2.037606057395287273e-05
8.557945441060207090e-05
2.445127268874344931e-05
1.426324240176701091e-04
1.467076361324606891e-04
1.956101815099475945e-04
8.150424229581149771e-06
1.670836967064135618e-04
1.100307270993455236e-04
7.335381806623034455e-05
2.159862420839004672e-04
1.874597572803664346e-04
1.711589088212041418e-04
1.589332724768324290e-04
7.335381806623034455e-05
1.344819997880889763e-04
2.037606057395287544e-04
1.915349693951570145e-04
5.297775749227747182e-05
1.018803028697643772e-04
9.780509075497379726e-05
1.956101815099475945e-04
5.705296960706804501e-05
2.241366663134816272e-04
1.263315755585078164e-04
1.467076361324606891e-04
1.589332724768324290e-04
1.996853936247381745e-04
1.181811513289266700e-04
4.890254537748689863e-05
1.752341209359947218e-04
4.075212114790574886e-06
1.752341209359947218e-04
1.344819997880889763e-04
1.630084845916229819e-04
1.059555149845549436e-04
5.297775749227747182e-05
8.965466652539265087e-05
4.890254537748689863e-05
1.018803028697643772e-04
8.965466652539265087e-05
1.181811513289266700e-04
2.241366663134816272e-04
1.426324240176701091e-04
1.630084845916229954e-05
1.100307270993455236e-04
6.112818172185861820e-05
1.548580603620418490e-04
2.852648480353402251e-05
4.890254537748689863e-05
1.956101815099475945e-04
1.507828482472512691e-04
6.112818172185861820e-05
1.752341209359947218e-04
1.018803028697643772e-04
1.018803028697643772e-04
8.150424229581149094e-05
1.548580603620418490e-04
1.630084845916229819e-04
1.263315755585078164e-04
1.181811513289266700e-04
1.222563634437172364e-04
1.222563634437172364e-04
3.260169691832459909e-05
1.996853936247381745e-04
6.520339383664919817e-05
1.752341209359947218e-04
1.548580603620418490e-04
1.467076361324606891e-04
1.956101815099475945e-04
1.222563634437172364e-04
1.263315755585078164e-04
1.833845451655758817e-04
6.112818172185861820e-05
2.852648480353402251e-05
1.711589088212041418e-04
1.467076361324606891e-04
1.589332724768324290e-04
1.548580603620418490e-04
1.711589088212041418e-04
3.260169691832459909e-05
1.711589088212041418e-04
3.667690903311517228e-05
8.965466652539265087e-05
9.372987864018321729e-05
1.222563634437172466e-05
3.260169691832459909e-05
1.263315755585078164e-04
8.150424229581149094e-05
4.482733326269632544e-05
1.426324240176701091e-04
1.141059392141360900e-04
1.467076361324606891e-04
8.557945441060207090e-05
2.852648480353402251e-05
8.150424229581149094e-05
1.263315755585078164e-04
9.372987864018321729e-05
1.670836967064135618e-04
4.075212114790574886e-06
3.260169691832459909e-05
1.630084845916229819e-04
1.915349693951570145e-04
6.927860595143977814e-05
4.482733326269632544e-05
1.222563634437172364e-04
1.467076361324606891e-04
1.385572119028795563e-04
2.037606057395287544e-04
1.263315755585078164e-04
1.426324240176701091e-04
2.852648480353402251e-05
6.927860595143977814e-05
1.385572119028795563e-04
1.874597572803664346e-04
9.372987864018321729e-05
1.956101815099475945e-04
2.037606057395287273e-05
4.482733326269632544e-05
4.075212114790574547e-05
7.335381806623034455e-05
1.304067876732983963e-04
1.793093330507853017e-04
1.141059392141360900e-04
7.742903018102092452e-05
1.344819997880889763e-04
1.344819997880889763e-04
1.181811513289266700e-04
1.833845451655758817e-04
1.181811513289266700e-04
1.630084845916229819e-04
1.344819997880889763e-04
1.141059392141360900e-04
1.589332724768324290e-04
8.965466652539265087e-05
1.548580603620418490e-04
2.241366663134816272e-04
1.059555149845549436e-04
1.222563634437172364e-04
1.426324240176701091e-04
1.141059392141360900e-04
1.304067876732983963e-04
9.372987864018321729e-05
8.150424229581149771e-06
1.141059392141360900e-04
1.222563634437172364e-04
1.181811513289266700e-04
1.548580603620418490e-04
2.037606057395287273e-05
1.426324240176701091e-04
1.630084845916229819e-04
1.630084845916229954e-05
1.589332724768324290e-04
2.445127268874344931e-05
7.335381806623034455e-05
4.890254537748689863e-05
8.557945441060207090e-05
4.890254537748689863e-05
1.915349693951570145e-04
1.263315755585078164e-04
2.445127268874344931e-05
8.557945441060207090e-05
1.181811513289266700e-04
1.548580603620418490e-04
1.018803028697643772e-04
1.467076361324606891e-04
8.150424229581149094e-05
1.752341209359947218e-04
8.965466652539265087e-05
4.482733326269632544e-05
8.150424229581149094e-05
2.852648480353402251e-05
1.670836967064135618e-04
2.037606057395287273e-05
1.589332724768324290e-04
1.263315755585078164e-04
7.742903018102092452e-05
8.965466652539265087e-05
1.222563634437172466e-05
9.780509075497379726e-05
9.780509075497379726e-05
1.711589088212041418e-04
7.742903018102092452e-05
1.344819997880889763e-04
1.793093330507853017e-04
1.833845451655758817e-04
1.507828482472512691e-04
8.557945441060207090e-05
2.037606057395287273e-05
8.557945441060207090e-05
4.075212114790574886e-06
4.482733326269632544e-05
4.075212114790574886e-06
1.059555149845549436e-04
1.141059392141360900e-04
1.426324240176701091e-04
1.833845451655758817e-04
1.426324240176701091e-04
1.018803028697643772e-04
8.150424229581149771e-06
1.752341209359947218e-04
1.507828482472512691e-04
4.075212114790574886e-06
9.780509075497379726e-05
9.780509075497379726e-05
1.100307270993455236e-04
4.482733326269632544e-05
1.589332724768324290e-04
7.335381806623034455e-05
9.780509075497379726e-05
2.159862420839004672e-04
6.520339383664919817e-05
1.304067876732983963e-04
1.956101815099475945e-04
7.335381806623034455e-05
4.890254537748689863e-05
1.467076361324606891e-04
1.222563634437172364e-04
8.557945441060207090e-05
7.335381806623034455e-05
7.742903018102092452e-05
1.222563634437172364e-04
1.222563634437172466e-05
1.304067876732983963e-04
1.548580603620418490e-04
1.426324240176701091e-04
6.112818172185861820e-05
1.344819997880889763e-04
7.335381806623034455e-05
1.181811513289266700e-04
1.141059392141360900e-04
1.141059392141360900e-04
1.018803028697643772e-04
1.018803028697643772e-04
7.335381806623034455e-05
8.557945441060207090e-05
1.630084845916229819e-04
4.075212114790574547e-05
4.482733326269632544e-05
1.344819997880889763e-04
1.833845451655758817e-04
6.520339383664919817e-05
6.112818172185861820e-05
1.018803028697643772e-04
1.507828482472512691e-04
3.260169691832459909e-05
1.018803028697643772e-04
9.780509075497379726e-05
1.385572119028795563e-04
8.557945441060207090e-05
1.385572119028795563e-04
1.018803028697643772e-04
1.548580603620418490e-04
1.263315755585078164e-04
1.507828482472512691e-04
1.426324240176701091e-04
1.304067876732983963e-04
1.018803028697643772e-04
5.297775749227747182e-05
1.100307270993455236e-04
5.297775749227747182e-05
1.181811513289266700e-04
8.965466652539265087e-05
2.037606057395287273e-05
1.630084845916229819e-04
1.059555149845549436e-04
2.852648480353402251e-05
4.075212114790574886e-06
1.141059392141360900e-04
5.705296960706804501e-05
3.260169691832459909e-05
1.426324240176701091e-04
1.833845451655758817e-04
3.260169691832459909e-05
1.059555149845549436e-04
1.385572119028795563e-04
6.520339383664919817e-05
1.548580603620418490e-04
1.548580603620418490e-04
1.100307270993455236e-04
4.075212114790574547e-05
1.304067876732983963e-04
8.557945441060207090e-05
2.852648480353402251e-05
1.304067876732983963e-04
2.445127268874344931e-05
1.304067876732983963e-04
1.344819997880889763e-04
1.630084845916229819e-04
1.222563634437172466e-05
1.059555149845549436e-04
1.018803028697643772e-04
1.874597572803664346e-04
9.372987864018321729e-05
1.100307270993455236e-04
1.222563634437172364e-04
1.181811513289266700e-04
1.181811513289266700e-04
2.037606057395287273e-05
3.667690903311517228e-05
4.075212114790574547e-05
6.112818172185861820e-05
1.181811513289266700e-04
8.150424229581149094e-05
9.372987864018321729e-05
1.100307270993455236e-04
4.075212114790574886e-06
4.890254537748689863e-05
1.385572119028795563e-04
1.018803028697643772e-04
1.018803028697643772e-04
1.059555149845549436e-04
1.141059392141360900e-04
1.059555149845549436e-04
1.018803028697643772e-04
2.445127268874344931e-05
1.059555149845549436e-04
1.222563634437172364e-04
8.557945441060207090e-05
6.520339383664919817e-05
8.965466652539265087e-05
1.222563634437172364e-04
4.890254537748689863e-05
1.263315755585078164e-04
1.711589088212041418e-04
5.297775749227747182e-05
9.372987864018321729e-05
1.222563634437172364e-04
9.780509075497379726e-05
1.507828482472512691e-04
2.119110299691098873e-04
6.927860595143977814e-05
5.297775749227747182e-05
4.075212114790574886e-06
6.927860595143977814e-05
1.018803028697643772e-04
1.752341209359947218e-04
1.222563634437172466e-05
1.222563634437172364e-04
1.141059392141360900e-04
9.372987864018321729e-05
1.018803028697643772e-04
7.335381806623034455e-05
6.927860595143977814e-05
1.263315755585078164e-04
1.344819997880889763e-04
1.100307270993455236e-04
9.372987864018321729e-05
5.297775749227747182e-05
8.965466652539265087e-05
1.507828482472512691e-04
6.927860595143977814e-05
8.965466652539265087e-05
4.075212114790574886e-06
9.780509075497379726e-05
1.263315755585078164e-04
9.372987864018321729e-05
3.667690903311517228e-05
1.181811513289266700e-04
9.372987864018321729e-05
1.589332724768324290e-04
1.100307270993455236e-04
1.304067876732983963e-04
3.260169691832459909e-05
1.100307270993455236e-04
1.304067876732983963e-04
7.742903018102092452e-05
4.075212114790574886e-06
8.965466652539265087e-05
3.667690903311517228e-05
1.263315755585078164e-04
1.344819997880889763e-04
1.181811513289266700e-04
1.467076361324606891e-04
1.059555149845549436e-04
1.426324240176701091e-04
1.263315755585078164e-04
1.263315755585078164e-04
7.742903018102092452e-05
1.467076361324606891e-04
1.263315755585078164e-04
1.426324240176701091e-04
1.344819997880889763e-04
1.100307270993455236e-04
7.335381806623034455e-05
4.075212114790574886e-06
1.548580603620418490e-04
1.385572119028795563e-04
8.965466652539265087e-05
2.037606057395287273e-05
9.372987864018321729e-05
1.467076361324606891e-04
1.141059392141360900e-04
1.263315755585078164e-04
4.075212114790574547e-05
6.927860595143977814e-05
2.037606057395287273e-05
1.263315755585078164e-04
1.344819997880889763e-04
1.589332724768324290e-04
1.385572119028795563e-04
5.297775749227747182e-05
1.059555149845549436e-04
1.507828482472512691e-04
1.018803028697643772e-04
1.181811513289266700e-04
1.222563634437172364e-04
9.372987864018321729e-05
1.100307270993455236e-04
1.222563634437172466e-05
4.482733326269632544e-05
8.965466652539265087e-05
1.222563634437172364e-04
1.141059392141360900e-04
7.742903018102092452e-05
1.670836967064135618e-04
1.507828482472512691e-04
1.059555149845549436e-04
7.335381806623034455e-05
2.037606057395287273e-05
1.263315755585078164e-04
1.059555149845549436e-04
9.780509075497379726e-05
7.335381806623034455e-05
9.780509075497379726e-05
1.100307270993455236e-04
6.927860595143977814e-05
1.181811513289266700e-04
8.150424229581149094e-05
1.548580603620418490e-04
1.385572119028795563e-04
6.520339383664919817e-05
5.705296960706804501e-05
1.222563634437172466e-05
6.112818172185861820e-05
1.263315755585078164e-04
6.520339383664919817e-05
1.589332724768324290e-04
7.742903018102092452e-05
9.372987864018321729e-05
1.018803028697643772e-04
1.141059392141360900e-04
1.385572119028795563e-04
1.059555149845549436e-04
2.037606057395287273e-05
9.372987864018321729e-05
1.344819997880889763e-04
1.222563634437172364e-04
1.589332724768324290e-04
4.482733326269632544e-05
1.304067876732983963e-04
1.263315755585078164e-04
7.742903018102092452e-05
8.965466652539265087e-05
1.467076361324606891e-04
6.112818172185861820e-05
1.507828482472512691e-04
9.780509075497379726e-05
8.150424229581149771e-06
8.965466652539265087e-05
1.670836967064135618e-04
1.181811513289266700e-04
1.181811513289266700e-04
6.112818172185861820e-05
7.742903018102092452e-05
1.100307270993455236e-04
4.075212114790574886e-06
8.965466652539265087e-05
1.100307270993455236e-04
8.150424229581149094e-05
8.150424229581149094e-05
6.927860595143977814e-05
2.852648480353402251e-05
1.141059392141360900e-04
4.890254537748689863e-05
4.075212114790574886e-06
1.222563634437172466e-05
4.075212114790574886e-06
8.557945441060207090e-05
2.037606057395287273e-05
6.927860595143977814e-05
1.385572119028795563e-04
4.890254537748689863e-05
6.927860595143977814e-05
1.222563634437172364e-04
6.520339383664919817e-05
6.520339383664919817e-05
5.297775749227747182e-05
9.780509075497379726e-05
9.780509075497379726e-05
7.335381806623034455e-05
6.520339383664919817e-05
7.335381806623034455e-05
4.075212114790574886e-06
9.780509075497379726e-05
7.335381806623034455e-05
4.075212114790574886e-06
6.520339383664919817e-05
6.112818172185861820e-05
4.075212114790574886e-06
2.852648480353402251e-05
2.445127268874344931e-05
1.630084845916229954e-05
4.890254537748689863e-05
8.965466652539265087e-05
8.965466652539265087e-05
4.890254537748689863e-05
6.927860595143977814e-05
5.705296960706804501e-05
6.112818172185861820e-05
8.965466652539265087e-05
4.482733326269632544e-05
1.507828482472512691e-04
3.667690903311517228e-05
1.181811513289266700e-04
4.482733326269632544e-05
1.589332724768324290e-04
6.112818172185861820e-05
1.263315755585078164e-04
1.222563634437172364e-04
1.426324240176701091e-04
6.520339383664919817e-05
9.372987864018321729e-05
9.780509075497379726e-05
8.965466652539265087e-05
3.667690903311517228e-05
2.037606057395287273e-05
1.385572119028795563e-04
7.742903018102092452e-05
4.482733326269632544e-05
1.426324240176701091e-04
2.445127268874344931e-05
8.557945441060207090e-05
8.150424229581149771e-06
1.263315755585078164e-04
5.705296960706804501e-05
8.150424229581149094e-05
1.141059392141360900e-04
4.075212114790574886e-06
1.222563634437172466e-05
6.112818172185861820e-05
1.670836967064135618e-04
1.385572119028795563e-04
1.344819997880889763e-04
1.100307270993455236e-04
6.520339383664919817e-05
3.667690903311517228e-05
1.344819997880889763e-04
1.018803028697643772e-04
2.445127268874344931e-05
1.548580603620418490e-04
7.335381806623034455e-05
6.927860595143977814e-05
1.018803028697643772e-04
4.075212114790574886e-06
1.018803028697643772e-04
8.150424229581149771e-06
3.260169691832459909e-05
7.335381806623034455e-05
1.141059392141360900e-04
1.263315755585078164e-04
2.445127268874344931e-05
8.965466652539265087e-05
1.507828482472512691e-04
